0.0664	0.0625	0.4922	1.1191	-0.2238	0.2238	10	0.1523	0.1016	1.0625	0	0	3	1/28/2014 12:24:45 PM
0.0703	0.0586	0.4805	0.4476	-0.2238	0.4476	10	0.1562	0.0977	1.0508	0	0	4	1/28/2014 12:24:45 PM
0.0664	0.0508	0.4844	0.4476	0.6714	0.4476	10	0.1523	0.0898	1.0547	0	0	5	1/28/2014 12:24:45 PM
0.0547	0.0469	0.4688	-0.8952	-1.1191	0.8952	10	0.1406	0.0859	1.0391	0	0	6	1/28/2014 12:24:45 PM
0.0508	0.0547	0.4766	-1.1191	-0.8952	0.4476	10	0.1367	0.0938	1.0469	0	0	7	1/28/2014 12:24:45 PM
0.0625	0.0586	0.4648	-1.3429	0.2238	-0.2238	10	0.1484	0.0977	1.0352	0	0	8	1/28/2014 12:24:45 PM
0.0664	0.0586	0.457	-1.5667	-0.4476	-0.2238	10	0.1523	0.0977	1.0273	0	0	9	1/28/2014 12:24:45 PM
0.0664	0.0664	0.4609	-0.6714	-0.8952	-0.2238	10	0.1523	0.1055	1.0312	0	0	10	1/28/2014 12:24:45 PM
0.0664	0.0664	0.4609	-0.2238	-0.8952	-0.6714	10	0.1523	0.1055	1.0312	0	0	11	1/28/2014 12:24:45 PM
0.0703	0.0703	0.4961	0	-0.4476	-0.6714	10	0.1562	0.1094	1.0664	0	0	12	1/28/2014 12:24:45 PM
0.0742	0.0586	0.4922	0.2238	0	-0.6714	10	0.1602	0.0977	1.0625	0	0	13	1/28/2014 12:24:45 PM
0.1094	0.0859	0.5586	0.8952	-1.3429	-0.6714	10	0.1953	0.125	1.1289	0	0	14	1/28/2014 12:24:45 PM
0.1836	0.1602	0.7617	-0.4476	0.2238	-1.3429	10	0.2695	0.1992	1.332	0	0	15	1/28/2014 12:24:45 PM
0.2734	0.1133	0.7773	-2.4619	30.2146	-9.4001	10	0.3555	0.1562	1.3555	0	0	16	1/28/2014 12:24:45 PM
-0.0391	0.0469	0.5078	-12.9811	97.5819	-28.2003	10	0.0078	0.082	1.0898	0	0	17	1/28/2014 12:24:45 PM
-0.0977	-0.0117	0.3945	-20.3669	174.7969	-51.7005	10	-0.0898	0.0195	0.9766	0	0	18	1/28/2014 12:24:45 PM
-0.0508	-0.082	0.0703	-32.2289	409.3515	-98.2533	10	-0.2148	-0.0664	0.6328	0	0	19	1/28/2014 12:24:45 PM
-0.2617	-0.1016	-0.2383	-34.467	457.9186	-103.8486	10	-0.5234	-0.1016	0.2891	0	0	20	1/28/2014 12:24:45 PM
-0.3125	-0.082	-0.2734	-19.2478	529.3145	-97.3581	10	-0.7578	-0.1094	0.1055	0	0	21	1/28/2014 12:24:45 PM
-0.4297	-0.1367	-0.1992	-14.1001	513.6477	-94.0009	10	-0.9492	-0.1562	0.0625	0	0	22	1/28/2014 12:24:45 PM
-0.5117	-0.1445	-0.1055	-8.281	442.9232	-94.4485	10	-1.0938	-0.1914	-0.0625	0	0	23	1/28/2014 12:24:45 PM
-0.5391	-0.1094	-0.0938	-12.5335	404.8753	-95.7914	10	-1.1133	-0.1875	-0.1406	0	0	24	1/28/2014 12:24:45 PM
-0.5703	-0.1602	-0.2109	-29.3193	293.8647	-67.8149	10	-1.1133	-0.2812	-0.3789	0	0	25	1/28/2014 12:24:45 PM
-0.6562	-0.1602	-0.2031	-32.4527	257.6072	-57.072	10	-1.1836	-0.2891	-0.418	0	0	26	1/28/2014 12:24:45 PM
-0.6602	-0.1289	-0.1328	-38.9432	150.849	-44.7623	10	-1.1484	-0.2773	-0.418	0	0	27	1/28/2014 12:24:45 PM
-0.6953	-0.1289	-0.0977	-35.8099	106.7582	-38.7194	10	-1.1719	-0.2852	-0.3945	0	0	28	1/28/2014 12:24:45 PM
-0.5703	-0.043	0.0391	-30.2146	-13.4287	-19.6954	10	-1.0625	-0.2109	-0.2266	0	0	29	1/28/2014 12:24:45 PM
-0.6211	-0.0625	0.0156	-25.0669	-143.2394	2.9096	10	-1.1328	-0.2266	-0.2188	0	0	30	1/28/2014 12:24:45 PM
-0.3438	-0.0781	0.1133	-20.3669	-273.9454	32.2289	10	-0.8945	-0.2344	-0.0312	0	0	31	1/28/2014 12:24:45 PM
-0.2656	-0.0703	0.1719	-15.8906	-339.2984	41.629	10	-0.8281	-0.2148	0.0977	0	0	32	1/28/2014 12:24:46 PM
-0.1758	-0.1094	0.1719	11.1906	-455.2329	58.4148	10	-0.7305	-0.2344	0.3086	0	0	33	1/28/2014 12:24:46 PM
0.1367	-0.1094	0.1602	15.6668	-476.7188	57.9672	10	-0.3789	-0.2266	0.4062	0	0	34	1/28/2014 12:24:46 PM
0.6172	-0.0078	0.2734	27.9765	-577.2102	57.9672	10	0.2461	-0.1055	0.7188	0	0	35	1/28/2014 12:24:46 PM
0.7969	0.0234	0.4062	41.629	-612.5725	66.6959	10	0.582	-0.0234	0.9492	0	0	36	1/28/2014 12:24:46 PM
0.6289	0.1172	0.8477	44.0909	-596.458	108.9963	10	0.7227	0.125	1.4219	0	0	37	1/28/2014 12:24:46 PM
0.3555	0.0859	0.8242	34.0194	-529.5383	108.5486	10	0.5625	0.0938	1.3672	0	0	38	1/28/2014 12:24:46 PM
-0.1133	0	0.6797	16.7859	-155.7729	21.7097	10	0.1836	0.0156	1.1797	0	0	39	1/28/2014 12:24:46 PM
-0.1055	-0.0234	0.6328	11.862	-37.3765	-4.0286	10	0.168	-0.0234	1.1445	0	0	0	1/28/2014 12:24:46 PM
0.1094	0.0352	0.6797	-10.9668	117.0535	-47.4481	10	0.3281	0.0234	1.2148	0	0	1	1/28/2014 12:24:46 PM
0.1094	-0.043	0.5664	-18.8002	139.4347	-57.5196	10	0.3047	-0.0547	1.1133	0	0	2	1/28/2014 12:24:46 PM
-0.0547	-0.168	0.0742	-37.3765	209.9353	-75.4245	10	0.0625	-0.1992	0.6406	2	2	3	1/28/2014 12:24:46 PM
-0.0273	-0.1328	0.0352	-32.6765	342.4318	-97.8057	10	0.0156	-0.168	0.6172	2	2	4	1/28/2014 12:24:46 PM
-0.3125	-0.207	-0.2969	-21.9335	420.9897	-102.7295	10	-0.4414	-0.2578	0.2695	2	2	5	1/28/2014 12:24:46 PM
-0.5625	-0.1797	-0.3555	-10.0715	437.1041	-97.3581	10	-0.7773	-0.2422	0.1836	2	2	6	1/28/2014 12:24:46 PM
-0.6172	-0.1133	-0.2383	8.7287	496.4142	-101.1629	10	-1.043	-0.1875	0.1523	2	2	7	1/28/2014 12:24:46 PM
-0.875	-0.1602	-0.1758	5.8191	463.0663	-83.7056	10	-1.4258	-0.2422	-0.0078	2	2	8	1/28/2014 12:24:46 PM
-0.7617	-0.1758	-0.1523	-9.1763	374.6607	-50.8052	10	-1.3359	-0.2695	-0.0664	2	2	9	1/28/2014 12:24:46 PM
-0.6758	-0.1602	-0.0195	-19.2478	271.9311	-37.6004	10	-1.2461	-0.2734	-0.0625	2	2	10	1/28/2014 12:24:46 PM
-0.6367	-0.1445	0.043	-24.8431	217.0973	-34.0194	10	-1.2031	-0.2734	-0.0391	2	2	11	1/28/2014 12:24:46 PM
-0.5742	-0.0742	0.0469	-31.7813	56.1767	-16.3382	10	-1.1328	-0.2188	-0.0586	2	2	12	1/28/2014 12:24:46 PM
-0.3672	-0.0742	0.0977	-33.7956	9.6239	-10.743	10	-0.9258	-0.2148	0	2	2	13	1/28/2014 12:24:46 PM
-0.3555	-0.0703	0.125	-36.9289	-98.7009	11.6382	10	-0.9219	-0.207	0.0625	2	2	14	1/28/2014 12:24:46 PM
-0.3398	-0.0977	0.1289	-43.6433	-185.0922	35.1384	10	-0.9102	-0.2266	0.1055	2	2	15	1/28/2014 12:24:46 PM
-0.3047	-0.0977	0.207	-40.9575	-243.7309	58.8625	10	-0.8789	-0.2031	0.2773	2	2	16	1/28/2014 12:24:46 PM
-0.3477	-0.0977	0.1602	-37.3765	-269.9168	64.4578	10	-0.9141	-0.1914	0.2891	2	2	17	1/28/2014 12:24:46 PM
-0.1797	-0.0781	0.2266	-16.7859	-324.7507	81.2436	10	-0.6953	-0.1445	0.4961	2	2	18	1/28/2014 12:24:46 PM
0.1016	-0.0586	0.4805	-8.5048	-363.4701	86.1675	10	-0.3633	-0.1055	0.8281	2	2	19	1/28/2014 12:24:46 PM
0.0977	-0.0742	0.4688	8.0572	-485.6713	79.0055	10	-0.1875	-0.082	0.9766	2	2	20	1/28/2014 12:24:46 PM
0.082	-0.0391	0.4922	14.5478	-463.9615	68.4864	10	-0.0938	-0.0312	1.0469	2	2	21	1/28/2014 12:24:46 PM
0.1484	0.0781	0.6602	27.7526	-382.7179	67.3673	10	0.1641	0.0977	1.2422	2	2	22	1/28/2014 12:24:46 PM
0.1133	0.1016	0.6992	28.6479	-285.8075	55.9529	10	0.1953	0.1289	1.2734	2	2	23	1/28/2014 12:24:46 PM
-0.0156	-0.0195	0.5898	27.5288	-190.4637	37.1527	10	0.1641	0.0117	1.1445	2	2	24	1/28/2014 12:24:46 PM
-0.0273	-0.0352	0.582	25.7383	-141.0013	19.2478	10	0.1758	0.0039	1.1211	2	2	25	1/28/2014 12:24:47 PM
0.0664	-0.0273	0.5859	4.4762	-2.0143	-38.9432	10	0.2695	0.0039	1.1328	2	2	26	1/28/2014 12:24:47 PM
-0.1875	-0.0117	0.4531	3.1334	37.3765	-47.8957	10	0.0078	0.0156	0.9961	2	2	27	1/28/2014 12:24:47 PM
-0.2891	-0.0742	0.332	2.2381	191.8066	-75.4245	10	-0.1641	-0.0508	0.8945	2	2	28	1/28/2014 12:24:47 PM
-0.2734	-0.0859	0.2188	4.4762	305.0553	-82.5865	10	-0.2188	-0.0625	0.793	2	2	29	1/28/2014 12:24:47 PM
-0.4492	-0.0938	0.0508	1.3429	350.7128	-98.2533	10	-0.5586	-0.0781	0.6172	2	2	30	1/28/2014 12:24:47 PM
-0.418	-0.0977	0.0273	5.5953	365.932	-96.239	10	-0.6133	-0.0977	0.5742	2	2	31	1/28/2014 12:24:47 PM
-0.6523	-0.1016	-0.082	16.1144	337.9556	-88.6294	10	-0.9922	-0.1133	0.3945	2	2	32	1/28/2014 12:24:47 PM
-0.6992	-0.0469	-0.0742	12.0858	334.5984	-81.4674	10	-1.0977	-0.0742	0.3555	2	2	33	1/28/2014 12:24:47 PM
-0.7148	-0.1094	-0.0898	7.6096	280.436	-55.9529	10	-1.2031	-0.1445	0.2188	2	2	34	1/28/2014 12:24:47 PM
-0.8242	-0.1211	-0.1641	0.4476	236.7927	-45.4338	10	-1.3516	-0.1562	0.082	2	2	35	1/28/2014 12:24:47 PM
-0.543	-0.0898	0.1445	-10.5191	160.4729	-32.9003	10	-1.1016	-0.1406	0.3125	2	2	36	1/28/2014 12:24:47 PM
-0.375	-0.0547	0.2578	-9.1763	99.1486	-27.7526	10	-0.9336	-0.1211	0.4102	2	2	37	1/28/2014 12:24:47 PM
-0.1836	-0.0156	0.3516	-11.862	-153.9824	17.6811	10	-0.7305	-0.082	0.5508	2	2	38	1/28/2014 12:24:47 PM
-0.1484	-0.0234	0.375	-17.6811	-201.2067	31.7813	10	-0.6719	-0.082	0.6172	2	2	39	1/28/2014 12:24:47 PM
-0.0547	-0.0273	0.3945	-23.2764	-281.3312	60.8768	10	-0.5195	-0.0625	0.7461	2	2	0	1/28/2014 12:24:47 PM
-0.082	-0.0625	0.2344	-18.1287	-321.3935	75.4245	10	-0.4453	-0.082	0.6914	2	2	1	1/28/2014 12:24:47 PM
0.1484	-0.082	0.1992	-12.5335	-329.6745	74.9769	10	-0.1523	-0.0938	0.6953	2	2	2	1/28/2014 12:24:47 PM
0.4062	-0.0977	0.3516	21.7097	-407.7848	88.6294	10	0.2695	-0.0898	0.918	3.5	5	3	1/28/2014 12:24:47 PM
0.5391	0.0703	0.6094	17.2335	-446.0566	101.6105	10	0.5039	0.0859	1.1953	3.5	5	4	1/28/2014 12:24:47 PM
0.2461	0.1758	0.7227	34.467	-390.7751	106.5343	10	0.3984	0.1953	1.2852	3.5	5	5	1/28/2014 12:24:47 PM
0.1367	0.1875	0.7109	36.4813	-307.5172	91.7628	10	0.3555	0.2148	1.2461	3.5	5	6	1/28/2014 12:24:47 PM
-0.0352	0.0938	0.668	47.4481	-117.9487	39.3908	10	0.25	0.1289	1.1758	3.5	5	7	1/28/2014 12:24:47 PM
0.0508	0.0781	0.6719	30.2146	-7.6096	7.8334	10	0.3125	0.1133	1.1875	3.5	5	8	1/28/2014 12:24:47 PM
-0.0273	0.0586	0.582	6.7143	60.4291	-22.605	10	0.1992	0.0859	1.1172	3.5	5	9	1/28/2014 12:24:47 PM
-0.0859	0.0508	0.5391	-2.9096	103.401	-38.4956	10	0.1211	0.0781	1.082	3.5	5	10	1/28/2014 12:24:47 PM
-0.1484	0	0.3633	-13.2049	252.4595	-75.8721	10	-0.0273	0.0273	0.9297	3.5	5	11	1/28/2014 12:24:47 PM
-0.2383	-0.0703	0.0586	-14.1001	295.6552	-85.2722	10	-0.1797	-0.0508	0.6367	3.5	5	12	1/28/2014 12:24:47 PM
-0.2578	-0.0625	0.0469	-14.1001	382.9417	-96.0152	10	-0.3633	-0.0547	0.6211	3.5	5	13	1/28/2014 12:24:47 PM
-0.3242	-0.0469	-0.0039	-4.9239	397.7133	-89.5247	10	-0.5156	-0.0469	0.5508	3.5	5	14	1/28/2014 12:24:47 PM
-0.6992	-0.0078	-0.0586	10.743	372.6464	-83.2579	10	-1.0391	-0.0273	0.4141	3.5	5	15	1/28/2014 12:24:47 PM
-0.7656	0	-0.0781	14.5478	374.8845	-85.2722	10	-1.1719	-0.0352	0.3438	3.5	5	16	1/28/2014 12:24:47 PM
-0.7617	-0.0117	-0.0625	4.0286	341.7604	-54.61	10	-1.2734	-0.0508	0.2188	3.5	5	17	1/28/2014 12:24:47 PM
-0.5859	-0.043	-0.0156	-1.1191	311.7696	-44.7623	10	-1.1289	-0.0781	0.1953	3.5	5	18	1/28/2014 12:24:48 PM
-0.4922	-0.0312	0.0352	-14.5478	175.4683	-27.7526	10	-1.0664	-0.0703	0.1484	3.5	5	19	1/28/2014 12:24:48 PM
-0.4258	0	0.0469	-19.4716	142.568	-25.0669	10	-1.0039	-0.0469	0.1367	3.5	5	20	1/28/2014 12:24:48 PM
-0.457	-0.0391	-0.0391	-23.724	94.6723	-13.2049	10	-1.0352	-0.0977	0.0156	3.5	5	21	1/28/2014 12:24:48 PM
-0.582	-0.0586	-0.0195	-29.3193	56.6243	-11.4144	10	-1.1602	-0.1133	0.0273	3.5	5	22	1/28/2014 12:24:48 PM
-0.4297	-0.0703	0.125	-32.0051	11.862	-4.7	10	-1.0078	-0.1211	0.1602	3.5	5	23	1/28/2014 12:24:48 PM
-0.3867	-0.0664	0.0898	-32.6765	-32.4527	0	10	-0.9688	-0.1211	0.1328	3.5	5	24	1/28/2014 12:24:48 PM
-0.4688	-0.0469	0.0391	-37.1527	-169.873	29.0955	10	-1.043	-0.0977	0.1328	3.5	5	25	1/28/2014 12:24:48 PM
-0.1172	-0.0156	0.293	-34.6908	-199.64	39.3908	10	-0.6836	-0.0625	0.4258	3.5	5	26	1/28/2014 12:24:48 PM
-0.0469	-0.0195	0.3594	-24.8431	-296.5504	63.3387	10	-0.5703	-0.0312	0.6211	3.5	5	27	1/28/2014 12:24:48 PM
-0.1094	-0.0195	0.3672	-17.0097	-385.1798	73.1864	10	-0.5703	-0.0078	0.7188	3.5	5	28	1/28/2014 12:24:48 PM
0.0508	-0.0234	0.4453	-0.2238	-378.2417	62.4434	10	-0.2695	0.0117	0.9297	3.5	5	29	1/28/2014 12:24:48 PM
0.1133	-0.0195	0.4688	8.5048	-379.5845	58.4148	10	-0.125	0.0273	0.9961	3.5	5	30	1/28/2014 12:24:48 PM
0.1602	0.0352	0.582	23.5002	-355.1891	54.1624	10	0.0938	0.1055	1.1562	3.5	5	31	1/28/2014 12:24:48 PM
0.0391	0.0859	0.6523	24.1717	-273.4978	44.0909	10	0.1094	0.168	1.2227	3.5	5	32	1/28/2014 12:24:48 PM
-0.0234	0.0938	0.6484	27.7526	-149.5062	24.8431	10	0.0781	0.1758	1.2109	3.5	5	33	1/28/2014 12:24:48 PM
-0.043	0.0898	0.6602	25.2907	-47.8957	-1.3429	10	0.0938	0.1758	1.2148	3.5	5	34	1/28/2014 12:24:48 PM
-0.1484	0.043	0.5273	23.2764	-8.281	-14.5478	10	-0.0273	0.1133	1.0898	3.5	5	35	1/28/2014 12:24:48 PM
-0.3164	0.0273	0.3516	-1.5667	138.987	-59.0863	10	-0.2422	0.0938	0.9258	3.5	5	36	1/28/2014 12:24:48 PM
-0.4297	-0.0781	0.1875	0	212.6211	-74.5293	10	-0.4102	-0.0156	0.7617	3.5	5	37	1/28/2014 12:24:48 PM
-0.5156	-0.1133	0.0547	-5.1477	304.6076	-86.8389	10	-0.6406	-0.0664	0.6172	3.5	5	38	1/28/2014 12:24:48 PM
-0.5742	-0.0859	0.0117	-10.9668	359.8891	-102.5057	10	-0.7852	-0.0547	0.5586	3.5	5	39	1/28/2014 12:24:48 PM
-0.5977	-0.0273	-0.0625	-0.2238	375.5559	-96.239	10	-0.9609	-0.0273	0.3984	3.5	5	0	1/28/2014 12:24:48 PM
-0.625	0.0195	0.0039	7.162	356.5319	-88.1818	10	-1.0508	0.0078	0.4102	3.5	5	1	1/28/2014 12:24:48 PM
-0.5391	-0.0039	0.0742	12.9811	267.6787	-62.4434	10	-1.043	-0.0273	0.3672	3.5	5	2	1/28/2014 12:24:48 PM
-0.5195	-0.0312	0.0391	12.0858	228.0641	-56.8482	10	-1.0508	-0.0547	0.2812	3	8	3	1/28/2014 12:24:48 PM
-0.5938	-0.0195	0.0312	-5.1477	133.6155	-32.4527	10	-1.1445	-0.0586	0.2031	3	8	4	1/28/2014 12:24:48 PM
-0.5391	-0.0508	0.0586	-8.0572	115.7106	-28.2003	10	-1.1016	-0.0938	0.207	3	8	5	1/28/2014 12:24:48 PM
-0.4844	-0.0625	0.0625	-14.3239	62.8911	-14.5478	10	-1.0547	-0.1133	0.1758	3	8	6	1/28/2014 12:24:48 PM
-0.4141	-0.0703	0.0898	-22.1574	-2.0143	-0.8952	10	-0.9844	-0.1172	0.2109	3	8	7	1/28/2014 12:24:48 PM
-0.3516	-0.043	0.1406	-22.8288	-82.5865	17.2335	10	-0.9141	-0.0977	0.2812	3	8	8	1/28/2014 12:24:48 PM
-0.4258	-0.0234	0.1523	-24.8431	-114.8154	23.0526	10	-0.9805	-0.0742	0.3203	3	8	9	1/28/2014 12:24:48 PM
-0.2852	0	0.2617	-21.4859	-172.1112	45.21	10	-0.8164	-0.0312	0.4961	3	8	10	1/28/2014 12:24:48 PM
-0.082	0.0078	0.4023	-18.1287	-207.6972	50.1338	10	-0.5938	-0.0156	0.6836	3	8	11	1/28/2014 12:24:48 PM
-0.2266	-0.0234	0.3906	-13.8763	-293.1932	56.1767	10	-0.6523	-0.0195	0.7852	3	8	12	1/28/2014 12:24:49 PM
-0.1953	-0.0234	0.3789	-7.6096	-299.2362	44.0909	10	-0.5664	-0.0156	0.8281	3	8	13	1/28/2014 12:24:49 PM
-0.0938	-0.0039	0.4297	3.8048	-278.6455	38.4956	10	-0.3477	0.0195	0.9531	3	8	14	1/28/2014 12:24:49 PM
-0.1133	-0.0234	0.3828	5.8191	-285.136	35.5861	10	-0.3047	0.0078	0.9297	3	8	15	1/28/2014 12:24:49 PM
-0.0117	0.0312	0.4648	15.8906	-239.2546	29.5431	10	-0.0859	0.0664	1.043	3	8	16	1/28/2014 12:24:49 PM
0.1758	0.0586	0.5898	17.6811	-228.7355	35.1384	10	0.1562	0.0977	1.168	3	8	17	1/28/2014 12:24:49 PM
0.082	0.0508	0.6172	10.9668	-202.7733	30.6622	10	0.1641	0.0977	1.1914	3	8	18	1/28/2014 12:24:49 PM
0.0234	0.0586	0.6641	11.4144	-160.6968	16.7859	10	0.1445	0.1055	1.2305	3	8	19	1/28/2014 12:24:49 PM
-0.1992	0.0586	0.5078	9.1763	-40.5099	-8.5048	10	-0.0625	0.0977	1.0703	3	8	20	1/28/2014 12:24:49 PM
-0.3242	0.0664	0.4609	4.4762	123.9916	-45.4338	10	-0.2148	0.1016	1.0312	3	8	21	1/28/2014 12:24:49 PM
-0.5742	-0.0664	0.2227	2.4619	266.112	-68.4864	10	-0.5781	-0.0312	0.8008	3	8	22	1/28/2014 12:24:49 PM
-0.5352	-0.0781	0.1719	-0.4476	307.0696	-82.1389	10	-0.6211	-0.0508	0.7461	3	8	23	1/28/2014 12:24:49 PM
-0.5195	-0.0703	0.0938	-7.3858	350.0414	-87.2865	10	-0.7617	-0.0625	0.6289	3	8	24	1/28/2014 12:24:49 PM
-0.543	-0.0312	0.0469	-0.8952	318.0363	-74.5293	10	-0.9102	-0.0469	0.5	3	8	25	1/28/2014 12:24:49 PM
-0.5469	0.0039	0.1016	5.1477	291.8504	-64.9054	10	-0.9648	-0.0195	0.5078	3	8	26	1/28/2014 12:24:49 PM
-0.5469	-0.0039	0.0391	6.9382	220.0068	-48.1195	10	-1.0312	-0.0508	0.3672	3	8	27	1/28/2014 12:24:49 PM
-0.5352	-0.0195	0.0703	4.2524	189.5685	-40.0623	10	-1.0391	-0.0703	0.3672	3	8	28	1/28/2014 12:24:49 PM
-0.5	-0.0391	0.1445	-6.0429	103.6248	-23.724	10	-1.0273	-0.1016	0.3867	3	8	29	1/28/2014 12:24:49 PM
-0.4805	-0.0273	0.1367	-11.4144	68.7102	-20.3669	10	-1.0156	-0.0938	0.3672	3	8	30	1/28/2014 12:24:49 PM
-0.3906	-0.0469	0.1953	-21.0383	-2.4619	-7.8334	10	-0.9297	-0.1133	0.4141	3	8	31	1/28/2014 12:24:49 PM
-0.3594	-0.0352	0.1953	-27.0812	-69.6054	11.4144	10	-0.8906	-0.1016	0.4258	3	8	32	1/28/2014 12:24:49 PM
-0.3672	-0.043	0.1914	-31.5574	-123.7678	32.6765	10	-0.8789	-0.1094	0.4648	3	8	33	1/28/2014 12:24:49 PM
-0.2695	-0.0352	0.2031	-31.5574	-148.1633	41.8528	10	-0.7656	-0.0977	0.5078	3	8	34	1/28/2014 12:24:49 PM
-0.125	-0.0391	0.2266	-25.0669	-240.8213	68.2625	10	-0.5547	-0.0859	0.6172	3	8	35	1/28/2014 12:24:49 PM
0.0078	-0.0508	0.3242	-22.1574	-277.7502	76.5436	10	-0.3828	-0.0859	0.7578	3	8	36	1/28/2014 12:24:49 PM
0.0469	0.0039	0.4141	-1.5667	-349.8176	81.0198	10	-0.207	-0.0156	0.9336	3	8	37	1/28/2014 12:24:49 PM
0.0898	0.0859	0.4375	9.1763	-358.9939	82.3627	10	-0.0898	0.0742	0.9883	3	8	38	1/28/2014 12:24:49 PM
0.1094	0.1562	0.6211	33.5717	-335.4936	85.496	10	0.0859	0.1602	1.2031	3	8	39	1/28/2014 12:24:49 PM
0.0664	0.1719	0.6875	38.7194	-309.5315	85.9437	10	0.1133	0.1875	1.2656	3	8	0	1/28/2014 12:24:49 PM
-0.1367	0.1602	0.6641	38.7194	-163.3825	52.1481	10	0.0039	0.1914	1.2266	3	8	1	1/28/2014 12:24:49 PM
-0.1562	0.1445	0.7148	34.9146	-106.3105	38.2718	10	0.0117	0.1797	1.2695	3	8	2	1/28/2014 12:24:49 PM
-0.0781	0.1367	0.707	14.1001	38.2718	-9.8477	10	0.0625	0.168	1.2695	3	11	3	1/28/2014 12:24:49 PM
-0.1328	0.0938	0.5469	3.3572	79.9008	-26.4098	10	-0.0078	0.1211	1.1133	3	11	4	1/28/2014 12:24:49 PM
-0.4648	0.0312	0.2578	-12.9811	196.5066	-59.7577	10	-0.4141	0.0469	0.8359	3	11	5	1/28/2014 12:24:50 PM
-0.4609	0.0156	0.207	-13.8763	320.2745	-87.5104	10	-0.4805	0.0234	0.7891	3	11	6	1/28/2014 12:24:50 PM
-0.6289	-0.0195	0.043	-14.3239	372.8702	-109.4439	10	-0.8086	-0.0312	0.5977	3	11	7	1/28/2014 12:24:50 PM
-0.6133	-0.0039	-0.0312	-14.3239	377.794	-107.8772	10	-0.875	-0.0352	0.4922	3	11	8	1/28/2014 12:24:50 PM
-0.6797	0.0352	-0.0898	-3.1334	333.7032	-94.6723	10	-1.0625	-0.0312	0.3477	3	11	9	1/28/2014 12:24:50 PM
-0.6602	0.0312	0.0703	-2.9096	303.9362	-87.958	10	-1.0859	-0.0469	0.4609	3	11	10	1/28/2014 12:24:50 PM
-0.5938	-0.0508	0.0898	-14.9954	133.8394	-59.0863	10	-1.0781	-0.1406	0.4023	3	11	11	1/28/2014 12:24:50 PM
-0.6836	-0.0273	0.1367	-25.7383	72.9626	-57.7434	10	-1.1758	-0.125	0.4336	3	11	12	1/28/2014 12:24:50 PM
-0.5781	-0.0938	0.2383	-34.467	25.9622	-47.4481	10	-1.0781	-0.1953	0.5195	3	11	13	1/28/2014 12:24:50 PM
-0.6406	-0.0859	0.2305	-34.467	9.8477	-44.7623	10	-1.1445	-0.1953	0.5039	3	11	14	1/28/2014 12:24:50 PM
-0.5664	-0.0859	0.2734	-46.329	-16.5621	-55.0577	10	-1.0586	-0.2109	0.5547	3	11	15	1/28/2014 12:24:50 PM
-0.4453	-0.0781	0.2734	-43.8671	-48.5671	-61.772	10	-0.9297	-0.2305	0.5625	3	11	16	1/28/2014 12:24:50 PM
-0.4102	-0.0664	0.2188	-51.4767	-126.006	-66.6959	10	-0.8711	-0.2305	0.5273	3	11	17	1/28/2014 12:24:50 PM
-0.0195	-0.1797	0.1562	-51.0291	-187.778	-57.072	10	-0.4336	-0.375	0.5156	3	11	18	1/28/2014 12:24:50 PM
0.0547	-0.1719	0.0859	-53.9386	-215.7544	-52.1481	10	-0.3203	-0.3828	0.4766	3	11	19	1/28/2014 12:24:50 PM
0.0391	-0.1797	0.0117	-64.9054	-290.7313	-21.0383	10	-0.2383	-0.4258	0.4648	3	11	20	1/28/2014 12:24:50 PM
0.0195	-0.2188	0.0273	-60.2053	-290.0599	-6.4905	10	-0.2031	-0.4766	0.5	3	11	21	1/28/2014 12:24:50 PM
0.0938	-0.2617	0.1367	-37.3765	-323.4078	44.7623	10	-0.0078	-0.5352	0.6367	3	11	22	1/28/2014 12:24:50 PM
0.0703	-0.2656	0.1797	-24.8431	-342.8794	59.0863	10	0.0312	-0.543	0.6875	3	11	23	1/28/2014 12:24:50 PM
0.0703	-0.1797	0.293	4.0286	-333.0317	77.4388	10	0.1445	-0.4609	0.793	3	11	24	1/28/2014 12:24:50 PM
-0.1172	-0.1289	0.4375	42.5242	-258.0548	71.3959	10	0.0039	-0.4062	0.9336	3	11	25	1/28/2014 12:24:50 PM
-0.0508	-0.0391	0.5391	72.515	-162.4872	51.9243	10	0.1328	-0.2969	1.0273	3	11	26	1/28/2014 12:24:50 PM
0.0469	-0.0352	0.4805	84.8246	-130.2584	38.4956	10	0.25	-0.2852	0.9648	3	11	27	1/28/2014 12:24:50 PM
-0.1016	0.125	0.5781	88.6294	-57.7434	-0.2238	10	0.125	-0.0938	1.0664	3	11	28	1/28/2014 12:24:50 PM
0.043	0.0742	0.6914	88.4056	-30.886	-2.0143	10	0.2695	-0.1211	1.1875	3	11	29	1/28/2014 12:24:50 PM
0.1406	0.0938	0.6602	92.4342	12.9811	-15.2192	10	0.3594	-0.0586	1.1758	3	11	30	1/28/2014 12:24:50 PM
0.1641	0.1172	0.6797	72.515	60.8768	-40.7337	10	0.3711	-0.0078	1.2031	3	11	31	1/28/2014 12:24:50 PM
-0.2773	0.0625	0.6133	63.5625	122.6488	-38.7194	10	-0.1055	-0.0273	1.1602	3	11	32	1/28/2014 12:24:50 PM
-0.3984	0.0742	0.5117	55.2815	164.5016	-47.2243	10	-0.2578	-0.0039	1.0703	3	11	33	1/28/2014 12:24:50 PM
-0.4414	-0.0039	0.3438	27.305	305.9505	-81.0198	10	-0.4219	-0.0742	0.9219	3	11	34	1/28/2014 12:24:50 PM
-0.6133	-0.1367	1.0547	16.5621	317.8125	-83.9294	10	-0.6602	-0.207	1.6328	3	11	35	1/28/2014 12:24:50 PM
-0.6406	-0.1328	0.0547	-12.0858	337.9556	-86.3913	10	-0.832	-0.2109	0.6016	3	11	36	1/28/2014 12:24:50 PM
-0.6484	-0.1289	0.0195	-24.1717	327.6602	-87.0627	10	-0.9062	-0.2266	0.5391	3	11	37	1/28/2014 12:24:50 PM
-0.5859	-0.1484	-0.0859	-25.9622	313.7839	-82.3627	10	-0.9492	-0.2773	0.3516	3	11	38	1/28/2014 12:24:50 PM
-0.5156	-0.1367	-0.0352	-24.8431	266.3359	-76.9912	10	-0.918	-0.2891	0.3633	3	11	39	1/28/2014 12:24:51 PM
-0.5156	-0.1992	0.082	-24.8431	180.8398	-63.1149	10	-0.9648	-0.3789	0.4102	3	11	0	1/28/2014 12:24:51 PM
-0.543	-0.1641	0.0977	-23.724	128.9155	-58.8625	10	-1	-0.3555	0.3984	3	11	1	1/28/2014 12:24:51 PM
-0.5391	-0.1406	0.1406	-32.4527	50.1338	-63.7863	10	-1.0117	-0.3438	0.4102	3	11	2	1/28/2014 12:24:51 PM
-0.418	-0.1289	0.2383	-25.9622	34.2432	-44.5385	10	-0.9023	-0.3281	0.5	2	13	3	1/28/2014 12:24:51 PM
-0.3086	-0.1562	0.2461	-23.9478	-39.3908	-19.024	10	-0.7891	-0.3555	0.5078	2	13	4	1/28/2014 12:24:51 PM
-0.2578	-0.1562	0.2422	-25.9622	-125.5583	0	10	-0.7227	-0.3633	0.5273	2	13	5	1/28/2014 12:24:51 PM
-0.3086	-0.1797	0.2695	-25.7383	-169.6492	16.5621	10	-0.7344	-0.3867	0.6055	2	13	6	1/28/2014 12:24:51 PM
-0.2773	-0.1484	0.3359	-22.605	-178.8255	22.3812	10	-0.6836	-0.3594	0.6992	2	13	7	1/28/2014 12:24:51 PM
-0.2227	-0.1367	0.3438	-7.6096	-211.9496	30.886	10	-0.5742	-0.3398	0.7617	2	13	8	1/28/2014 12:24:51 PM
-0.1172	-0.1406	0.3828	2.0143	-259.1739	39.8385	10	-0.3867	-0.332	0.8594	2	13	9	1/28/2014 12:24:51 PM
-0.1133	-0.1172	0.3594	15.443	-286.2551	48.3433	10	-0.332	-0.3008	0.8672	2	13	10	1/28/2014 12:24:51 PM
0.0625	-0.0625	0.5859	32.6765	-274.6169	46.1052	10	-0.0547	-0.2266	1.1328	2	13	11	1/28/2014 12:24:51 PM
0.1328	-0.0703	0.6406	37.3765	-271.2597	46.7766	10	0.0703	-0.2227	1.1953	2	13	12	1/28/2014 12:24:51 PM
0.293	-0.0664	0.3867	42.5242	-215.3068	40.9575	10	0.332	-0.1953	0.9531	2	13	13	1/28/2014 12:24:51 PM
0.1016	0.0547	0.4961	42.3004	-156.892	31.5574	10	0.1758	-0.0664	1.0586	2	13	14	1/28/2014 12:24:51 PM
0.0352	-0.0781	0.6719	45.21	-24.1717	17.2335	10	0.1289	-0.1797	1.2344	2	13	15	1/28/2014 12:24:51 PM
-0.1016	-0.0977	0.5469	40.2861	64.0101	-3.581	10	-0.0234	-0.1953	1.1133	2	13	16	1/28/2014 12:24:51 PM
-0.3672	-0.0625	0.2344	18.5764	210.3829	-49.4624	10	-0.3633	-0.1523	0.8086	2	13	17	1/28/2014 12:24:51 PM
-0.3711	-0.1211	0.1875	17.6811	285.3598	-51.0291	10	-0.4219	-0.2109	0.7617	2	13	18	1/28/2014 12:24:51 PM
-0.5391	-0.1484	-0.043	14.7716	322.5126	-54.8339	10	-0.7305	-0.2344	0.5039	2	13	19	1/28/2014 12:24:51 PM
-0.8398	-0.0938	-0.1289	8.281	327.6602	-61.9958	10	-1.1016	-0.1797	0.3867	2	13	20	1/28/2014 12:24:51 PM
-0.6992	-0.2383	-0.0664	9.6239	296.998	-63.1149	10	-1.0742	-0.3359	0.375	2	13	21	1/28/2014 12:24:51 PM
-0.7109	-0.2812	-0.0312	1.3429	246.1928	-66.6959	10	-1.125	-0.3906	0.3711	2	13	22	1/28/2014 12:24:51 PM
-0.5469	-0.1836	0.1914	-19.4716	154.6538	-62.4434	10	-1.0039	-0.3203	0.5352	2	13	23	1/28/2014 12:24:51 PM
-0.5234	-0.125	0.2773	-17.6811	83.7056	-63.7863	10	-0.9844	-0.2734	0.6055	2	13	24	1/28/2014 12:24:51 PM
-0.3867	-0.0625	0.3203	-17.6811	21.0383	-51.4767	10	-0.8477	-0.2305	0.6328	2	13	25	1/28/2014 12:24:51 PM
-0.2773	-0.0664	0.3242	-19.024	-8.0572	-32.2289	10	-0.7383	-0.2344	0.6367	2	13	26	1/28/2014 12:24:51 PM
-0.1133	-0.1406	0.2695	-31.1098	-139.4347	0	10	-0.5469	-0.3125	0.6172	2	13	27	1/28/2014 12:24:51 PM
-0.1406	-0.2031	0.2734	-31.3336	-182.6303	12.3096	10	-0.5508	-0.3828	0.6484	2	13	28	1/28/2014 12:24:51 PM
-0.1562	-0.1758	0.2969	-23.724	-206.802	21.0383	10	-0.5	-0.3594	0.7266	2	13	29	1/28/2014 12:24:51 PM
-0.1445	-0.1914	0.3555	-6.9382	-196.5066	22.605	10	-0.457	-0.375	0.8125	2	13	30	1/28/2014 12:24:51 PM
-0.2734	-0.1641	0.332	9.4001	-202.1019	40.5099	10	-0.5156	-0.3359	0.8281	2	13	31	1/28/2014 12:24:51 PM
-0.2305	-0.1523	0.3203	15.8906	-200.9829	49.0147	10	-0.4336	-0.3164	0.8398	2	13	32	1/28/2014 12:24:52 PM
-0.1016	-0.0781	0.3711	49.91	-220.9021	63.3387	10	-0.2188	-0.2188	0.9219	2	13	33	1/28/2014 12:24:52 PM
0	-0.0273	0.4297	55.2815	-240.3737	64.2339	10	-0.0664	-0.1562	0.9922	2	13	34	1/28/2014 12:24:52 PM
0.1055	-0.0156	0.4375	64.2339	-199.1924	50.3576	10	0.1328	-0.1211	1.0117	2	13	35	1/28/2014 12:24:52 PM
0.1914	0.0391	0.5234	65.8006	-161.3682	44.7623	10	0.25	-0.0586	1.0898	2	13	36	1/28/2014 12:24:52 PM
0.0312	0.1094	0.707	65.5768	-81.4674	39.167	10	0.1289	0.0352	1.2734	2	13	37	1/28/2014 12:24:52 PM
0.0039	0.0547	0.668	63.7863	4.2524	16.7859	10	0.1016	-0.0117	1.2344	2	13	38	1/28/2014 12:24:52 PM
-0.2578	-0.0586	0.25	39.6147	135.6299	-35.1384	10	-0.2031	-0.1094	0.8281	2	13	39	1/28/2014 12:24:52 PM
-0.4766	-0.0547	0.0938	22.605	198.9685	-50.1338	10	-0.4609	-0.1055	0.6719	2	13	0	1/28/2014 12:24:52 PM
-0.7461	-0.0977	-0.0469	1.5667	375.3321	-74.3055	10	-0.8945	-0.1484	0.5156	2	13	1	1/28/2014 12:24:52 PM
-0.8945	-0.1484	-0.1484	1.1191	399.9514	-89.5247	10	-1.2109	-0.2148	0.3398	2	13	2	1/28/2014 12:24:52 PM
-0.9062	-0.1641	-0.1328	-3.1334	383.1655	-89.7485	10	-1.2852	-0.25	0.3008	2	15	3	1/28/2014 12:24:52 PM
-0.7461	-0.1484	-0.1367	-13.6525	284.2408	-77.215	10	-1.2109	-0.2695	0.1992	2	15	4	1/28/2014 12:24:52 PM
-0.7773	-0.1484	-0.0156	-12.5335	230.7498	-72.0673	10	-1.2695	-0.2773	0.2656	2	15	5	1/28/2014 12:24:52 PM
-0.4805	-0.1133	0.2695	-9.4001	27.9765	-41.629	10	-0.9961	-0.2539	0.5	2	15	6	1/28/2014 12:24:52 PM
-0.3594	-0.082	0.3047	-12.7573	-42.0766	-42.5242	10	-0.8711	-0.2305	0.5391	2	15	7	1/28/2014 12:24:52 PM
-0.0391	0	0.418	-14.9954	-173.0064	-21.2621	10	-0.5195	-0.1641	0.7031	2	15	8	1/28/2014 12:24:52 PM
0.0625	-0.0391	0.4141	-21.2621	-257.3834	16.5621	10	-0.3867	-0.2031	0.7422	2	15	9	1/28/2014 12:24:52 PM
-0.0039	-0.1016	0.4141	-25.7383	-306.8458	31.1098	10	-0.3711	-0.2578	0.8398	2	15	10	1/28/2014 12:24:52 PM
-0.0156	-0.0977	0.4023	-25.7383	-309.7553	30.4384	10	-0.332	-0.2539	0.8672	2	15	11	1/28/2014 12:24:52 PM
-0.0742	-0.1211	0.4883	-2.2381	-289.6123	21.0383	10	-0.2773	-0.2734	1.0156	2	15	12	1/28/2014 12:24:52 PM
0.1758	-0.1172	0.4609	3.8048	-288.9408	27.305	10	0.0352	-0.2656	1.0078	2	15	13	1/28/2014 12:24:52 PM
0.1094	-0.0938	0.4336	23.9478	-254.25	40.7337	10	0.0859	-0.2344	0.9961	2	15	14	1/28/2014 12:24:52 PM
0.0938	-0.0625	0.4414	28.2003	-218.8878	40.2861	10	0.1133	-0.1914	1.0039	2	15	15	1/28/2014 12:24:52 PM
0.1055	-0.0586	0.3984	39.167	-132.9441	27.9765	10	0.1914	-0.1758	0.9609	2	15	16	1/28/2014 12:24:52 PM
0.1328	-0.0117	0.4492	43.4195	-94.4485	21.9335	10	0.2383	-0.125	1.0039	2	15	17	1/28/2014 12:24:52 PM
-0.0391	0.0117	0.5469	42.3004	12.7573	9.1763	10	0.0664	-0.0742	1.1094	2	15	18	1/28/2014 12:24:52 PM
-0.1133	0.0195	0.5352	45.6576	38.7194	4.4762	10	-0.0195	-0.0508	1.1016	2	15	19	1/28/2014 12:24:52 PM
-0.1523	-0.0273	0.3438	35.3622	164.2777	-30.886	10	-0.1133	-0.0859	0.918	2	15	20	1/28/2014 12:24:52 PM
-0.1953	-0.043	0.3164	28.8717	206.5781	-40.9575	10	-0.1992	-0.1016	0.8945	2	15	21	1/28/2014 12:24:52 PM
-0.6523	-0.0977	0.1289	11.6382	260.0691	-39.6147	10	-0.7695	-0.1562	0.7031	2	15	22	1/28/2014 12:24:52 PM
-0.7148	-0.1094	0.1133	2.6857	299.0123	-58.8625	10	-0.8984	-0.168	0.6641	2	15	23	1/28/2014 12:24:52 PM
-0.8008	-0.1445	0.0625	-4.4762	328.5555	-71.3959	10	-1.1133	-0.2188	0.5508	2	15	24	1/28/2014 12:24:52 PM
-0.7031	-0.1523	0.0508	-10.5191	313.3363	-68.2625	10	-1.0742	-0.2422	0.5	2	15	25	1/28/2014 12:24:53 PM
-0.6055	-0.168	0.082	-15.6668	207.6972	-64.4578	10	-1.043	-0.2773	0.457	2	15	26	1/28/2014 12:24:53 PM
-0.5312	-0.1953	0.0703	-16.5621	163.6063	-60.8768	10	-0.9883	-0.3125	0.418	2	15	27	1/28/2014 12:24:53 PM
-0.4492	-0.1445	0.2188	-19.024	29.5431	-53.2672	10	-0.9219	-0.2852	0.543	2	15	28	1/28/2014 12:24:53 PM
-0.2656	-0.1094	0.332	-23.9478	-19.4716	-54.8339	10	-0.7305	-0.2617	0.6562	2	15	29	1/28/2014 12:24:53 PM
0.0938	-0.0664	0.4531	-21.7097	-147.2681	-22.8288	10	-0.3398	-0.2344	0.8086	2	15	30	1/28/2014 12:24:53 PM
0.0078	-0.0938	0.4375	-26.186	-202.3257	-3.8048	10	-0.3906	-0.2617	0.8281	2	15	31	1/28/2014 12:24:53 PM
-0.0742	-0.1289	0.418	-32.4527	-255.3691	41.8528	10	-0.3945	-0.3008	0.875	2	15	32	1/28/2014 12:24:53 PM
-0.1133	-0.1445	0.4492	-17.4573	-260.9644	40.5099	10	-0.3359	-0.3125	0.957	2	15	33	1/28/2014 12:24:53 PM
-0.0625	-0.1328	0.4219	-2.0143	-263.6501	44.0909	10	-0.2305	-0.3008	0.9531	2	15	34	1/28/2014 12:24:53 PM
0.0625	-0.0859	0.4922	23.5002	-267.2311	54.1624	10	0.0039	-0.2383	1.0469	2	15	35	1/28/2014 12:24:53 PM
0.0703	-0.0703	0.5664	34.2432	-262.0834	59.0863	10	0.0664	-0.2148	1.1289	2	15	36	1/28/2014 12:24:53 PM
0.1758	-0.0508	0.4844	54.61	-220.2307	49.0147	10	0.2695	-0.1797	1.0469	2	15	37	1/28/2014 12:24:53 PM
0.1328	0.0156	0.4688	57.2958	-179.2731	36.9289	10	0.2617	-0.1055	1.0234	2	15	38	1/28/2014 12:24:53 PM
0.2344	0.043	0.582	59.9815	-21.2621	13.6525	10	0.3945	-0.0547	1.1367	2	15	39	1/28/2014 12:24:53 PM
0.1992	0.0781	0.5508	60.2053	15.443	12.7573	10	0.3594	-0.0078	1.1055	2	15	0	1/28/2014 12:24:53 PM
0.0859	-0.0078	0.4102	52.5957	93.1056	2.6857	10	0.2148	-0.0703	0.9727	2	15	1	1/28/2014 12:24:53 PM
0.0156	-0.0938	0.2148	38.9432	197.4019	-21.4859	10	0.1094	-0.1484	0.7852	2	15	2	1/28/2014 12:24:53 PM
-0.8555	-0.1055	-0.207	11.6382	329.2269	-58.6386	10	-0.8906	-0.1562	0.3711	2.5	18	3	1/28/2014 12:24:53 PM
-1.1641	-0.1172	-0.2617	2.2381	393.0132	-66.2482	10	-1.2891	-0.1641	0.3086	2.5	18	4	1/28/2014 12:24:53 PM
-1.0703	-0.168	-0.2383	-0.4476	502.4571	-94.8961	10	-1.4141	-0.2383	0.2344	2.5	18	5	1/28/2014 12:24:53 PM
-0.7617	-0.2422	-0.2344	-8.0572	499.9952	-99.1486	10	-1.1875	-0.3281	0.1602	2.5	18	6	1/28/2014 12:24:53 PM
-0.7656	-0.1719	-0.1172	-21.0383	391.6704	-67.5911	10	-1.2969	-0.2734	0.0977	2.5	18	7	1/28/2014 12:24:53 PM
-0.707	-0.1211	-0.0703	-14.1001	289.6123	-64.2339	10	-1.2578	-0.2383	0.082	2.5	18	8	1/28/2014 12:24:53 PM
-0.4805	-0.0898	0.0508	-0.4476	192.2542	-49.91	10	-1.0469	-0.2266	0.1133	2.5	18	9	1/28/2014 12:24:53 PM
-0.4609	-0.0781	0.0391	3.1334	119.963	-42.748	10	-1.0195	-0.2227	0.082	2.5	18	10	1/28/2014 12:24:53 PM
-0.2812	-0.0781	0.0938	-6.4905	-88.6294	-2.9096	10	-0.8438	-0.2227	0.1562	2.5	18	11	1/28/2014 12:24:53 PM
-0.0195	-0.0938	0.2891	-10.5191	-161.8158	9.6239	10	-0.5781	-0.2383	0.3828	2.5	18	12	1/28/2014 12:24:53 PM
0.1289	-0.1211	0.4141	-18.8002	-371.7511	50.1338	10	-0.3945	-0.2461	0.6406	2.5	18	13	1/28/2014 12:24:53 PM
0.1211	-0.0938	0.4531	-18.3526	-414.4992	63.1149	10	-0.3555	-0.207	0.7734	2.5	18	14	1/28/2014 12:24:53 PM
0.1445	-0.1016	0.6367	-7.8334	-442.4756	70.053	10	-0.1797	-0.1875	1.1094	2.5	18	15	1/28/2014 12:24:53 PM
0.125	-0.082	0.6758	9.6239	-423.4516	61.1006	10	-0.1133	-0.1602	1.1992	2.5	18	16	1/28/2014 12:24:53 PM
0.2734	-0.0469	0.5938	17.0097	-371.0797	54.3862	10	0.207	-0.1133	1.168	2.5	18	17	1/28/2014 12:24:53 PM
0.2188	-0.0352	0.5273	20.143	-340.6413	51.0291	10	0.2266	-0.0938	1.1094	2.5	18	18	1/28/2014 12:24:53 PM
-0.0078	0.0195	0.5039	20.3669	-191.8066	32.4527	10	0.1172	-0.0312	1.0703	2.5	18	19	1/28/2014 12:24:54 PM
-0.0469	-0.0469	0.543	24.3955	-141.8966	22.1574	10	0.1055	-0.0938	1.1016	2.5	18	20	1/28/2014 12:24:54 PM
0.0039	-0.0547	0.6016	27.305	-52.3719	-5.5953	10	0.1797	-0.0977	1.1523	2.5	18	21	1/28/2014 12:24:54 PM
0.0156	-0.0391	0.6211	11.862	20.8145	-34.0194	10	0.1758	-0.082	1.1758	2.5	18	22	1/28/2014 12:24:54 PM
-0.2227	-0.0391	0.4688	7.162	126.006	-44.0909	10	-0.0977	-0.082	1.0312	2.5	18	23	1/28/2014 12:24:54 PM
-0.2969	-0.082	0.2695	7.162	193.3733	-51.7005	10	-0.2148	-0.1289	0.8438	2.5	18	24	1/28/2014 12:24:54 PM
-0.4766	-0.0547	0.1406	2.9096	334.5984	-60.4291	10	-0.5312	-0.1016	0.7227	2.5	18	25	1/28/2014 12:24:54 PM
-0.4336	-0.1016	0.1328	6.9382	334.3746	-63.7863	10	-0.6328	-0.1484	0.6797	2.5	18	26	1/28/2014 12:24:54 PM
-0.4766	-0.1367	-0.0078	8.281	281.3312	-66.0244	10	-0.7344	-0.1914	0.5156	2.5	18	27	1/28/2014 12:24:54 PM
-0.6055	-0.1211	0.0742	0.4476	267.9025	-64.0101	10	-0.9648	-0.1875	0.5352	2.5	18	28	1/28/2014 12:24:54 PM
-0.4102	-0.1289	0.1211	-1.1191	259.1739	-62.2196	10	-0.8047	-0.207	0.543	2.5	18	29	1/28/2014 12:24:54 PM
-0.5781	-0.1602	0.0156	-6.7143	145.7014	-52.8195	10	-1.0195	-0.2656	0.3906	2.5	18	30	1/28/2014 12:24:54 PM
-0.5508	-0.1641	-0.0156	-16.1144	130.706	-48.7909	10	-1.0078	-0.2812	0.3359	2.5	18	31	1/28/2014 12:24:54 PM
-0.4844	-0.1836	0.1289	-17.9049	118.6202	-49.2386	10	-0.9727	-0.3164	0.4258	2.5	18	32	1/28/2014 12:24:54 PM
-0.4297	-0.1523	0.1641	-14.1001	61.3244	-38.4956	10	-0.918	-0.293	0.4492	2.5	18	33	1/28/2014 12:24:54 PM
-0.2891	-0.1055	0.2383	-21.2621	-8.0572	-37.8242	10	-0.7812	-0.2578	0.5117	2.5	18	34	1/28/2014 12:24:54 PM
-0.2227	-0.125	0.2461	-17.4573	-38.4956	-28.2003	10	-0.7109	-0.2812	0.5234	2.5	18	35	1/28/2014 12:24:54 PM
-0.3008	-0.1562	0.1445	-15.443	-105.8629	1.1191	10	-0.7617	-0.3203	0.457	2.5	18	36	1/28/2014 12:24:54 PM
-0.375	-0.1133	0.2266	-15.443	-119.0678	10.743	10	-0.8242	-0.2773	0.5547	2.5	18	37	1/28/2014 12:24:54 PM
-0.1367	-0.1289	0.3164	9.6239	-214.6354	39.3908	10	-0.543	-0.2852	0.707	2.5	18	38	1/28/2014 12:24:54 PM
-0.0938	-0.1133	0.3516	14.1001	-273.4978	49.4624	10	-0.4609	-0.2617	0.7852	2.5	18	39	1/28/2014 12:24:54 PM
0.2031	-0.0312	0.5391	24.1717	-361.232	68.934	10	-0.0352	-0.1445	1.0586	2.5	18	0	1/28/2014 12:24:54 PM
0.2305	-0.0117	0.6055	45.4338	-420.5421	78.3341	10	0.0781	-0.1094	1.1602	2.5	18	1	1/28/2014 12:24:54 PM
0.207	0.0312	0.8594	53.491	-388.0894	68.7102	10	0.2383	-0.0352	1.4414	2.5	18	2	1/28/2014 12:24:54 PM
0.1172	0.0078	0.6992	54.61	-333.4793	56.6243	10	0.2227	-0.0508	1.2734	3.5	21	3	1/28/2014 12:24:54 PM
0.0391	0.0742	0.5039	52.3719	-66.9197	10.2953	10	0.1914	0.0352	1.0586	3.5	21	4	1/28/2014 12:24:54 PM
-0.1445	0.0742	0.5547	49.4624	22.3812	-0.2238	10	-0.0039	0.0469	1.1133	3.5	21	5	1/28/2014 12:24:54 PM
-0.1211	-0.082	0.3516	42.0766	102.2819	10.743	10	-0.0234	-0.1016	0.9258	3.5	21	6	1/28/2014 12:24:54 PM
-0.0938	0	0.3086	26.6336	135.1822	-14.9954	10	-0.0234	-0.0156	0.8828	3.5	21	7	1/28/2014 12:24:54 PM
-0.3555	-0.043	0.2852	16.5621	184.4208	-33.1241	10	-0.3594	-0.0547	0.8672	3.5	21	8	1/28/2014 12:24:54 PM
-0.3906	-0.0898	0.2461	22.8288	200.759	-27.5288	10	-0.4414	-0.1016	0.8242	3.5	21	9	1/28/2014 12:24:54 PM
-0.3633	-0.1133	0.1445	11.6382	272.155	-67.1435	10	-0.5273	-0.1289	0.7031	3.5	21	10	1/28/2014 12:24:54 PM
-0.5938	-0.0703	-0.0547	6.2667	295.2076	-74.0817	10	-0.8281	-0.0938	0.4805	3.5	21	11	1/28/2014 12:24:54 PM
-0.8984	-0.0859	-0.1484	-1.5667	327.4364	-79.2293	10	-1.2539	-0.1367	0.3086	3.5	21	12	1/28/2014 12:24:55 PM
-0.8867	-0.1289	-0.1211	-2.9096	322.5126	-79.0055	10	-1.2969	-0.1914	0.2852	3.5	21	13	1/28/2014 12:24:55 PM
-0.6016	-0.1406	0.0781	-12.9811	237.4641	-76.3198	10	-1.0859	-0.2305	0.3945	3.5	21	14	1/28/2014 12:24:55 PM
-0.4961	-0.1055	0.1719	-19.024	108.101	-54.61	10	-0.9922	-0.2031	0.4688	3.5	21	15	1/28/2014 12:24:55 PM
-0.2578	-0.0039	0.3711	-14.5478	-23.2764	-37.1527	10	-0.7578	-0.1172	0.6562	3.5	21	16	1/28/2014 12:24:55 PM
-0.0977	-0.0117	0.3789	-20.5907	-160.0253	-9.4001	10	-0.5703	-0.1328	0.7031	3.5	21	17	1/28/2014 12:24:55 PM
-0.0859	-0.0469	0.4023	-15.2192	-204.34	14.1001	10	-0.5352	-0.168	0.7617	3.5	21	18	1/28/2014 12:24:55 PM
-0.0508	-0.0938	0.3828	-17.4573	-268.574	34.467	10	-0.4141	-0.2109	0.8242	3.5	21	19	1/28/2014 12:24:55 PM
-0.0547	-0.1094	0.4219	-14.1001	-287.598	38.4956	10	-0.3672	-0.2227	0.8984	3.5	21	20	1/28/2014 12:24:55 PM
0.1094	-0.0391	0.5898	12.7573	-325.4221	48.5671	10	-0.0742	-0.1367	1.1328	3.5	21	21	1/28/2014 12:24:55 PM
0.1172	-0.0391	0.5625	20.3669	-325.1983	51.4767	10	0.0039	-0.1289	1.125	3.5	21	22	1/28/2014 12:24:55 PM
0.0273	-0.0234	0.5664	40.0623	-238.3594	51.7005	10	0.0352	-0.0898	1.1445	3.5	21	23	1/28/2014 12:24:55 PM
0.0156	0.0234	0.4688	43.1956	-180.1684	41.629	10	0.0625	-0.0391	1.043	3.5	21	24	1/28/2014 12:24:55 PM
-0.1406	0.0938	0.5938	49.2386	-72.515	25.7383	10	-0.0469	0.043	1.168	3.5	21	25	1/28/2014 12:24:55 PM
-0.1406	0.0586	0.6641	49.6862	0.8952	15.8906	10	-0.0586	0.0195	1.2383	3.5	21	26	1/28/2014 12:24:55 PM
0.0078	0.0898	0.6016	38.7194	28.6479	6.0429	10	0.0625	0.0664	1.1875	3.5	21	27	1/28/2014 12:24:55 PM
0.0078	0.0938	0.5742	29.3193	45.8814	-2.0143	10	0.0508	0.0703	1.1602	3.5	21	28	1/28/2014 12:24:55 PM
-0.1094	0.0078	0.3555	15.2192	115.9344	-11.6382	10	-0.1055	-0.0156	0.9414	3.5	21	29	1/28/2014 12:24:55 PM
-0.2852	-0.0078	0.1836	10.5191	158.9063	-23.5002	10	-0.3125	-0.0312	0.7695	3.5	21	30	1/28/2014 12:24:55 PM
-0.2031	-0.0898	0.0039	6.9382	247.9833	-43.6433	10	-0.3203	-0.1133	0.5742	3.5	21	31	1/28/2014 12:24:55 PM
-0.3242	-0.1094	-0.1367	8.0572	289.3884	-53.7148	10	-0.5039	-0.1367	0.4219	3.5	21	32	1/28/2014 12:24:55 PM
-0.8281	-0.1094	-0.1367	1.7905	320.9459	-67.1435	10	-1.1406	-0.1445	0.3594	3.5	21	33	1/28/2014 12:24:55 PM
-0.8672	-0.1523	-0.1523	0	325.6459	-73.8578	10	-1.2383	-0.1914	0.293	3.5	21	34	1/28/2014 12:24:55 PM
-0.7031	-0.125	0.0234	-12.5335	240.1499	-78.1103	10	-1.1562	-0.1992	0.3867	3.5	21	35	1/28/2014 12:24:55 PM
-0.5391	-0.1406	0.1328	-16.3382	200.0876	-68.934	10	-1.0156	-0.2227	0.457	3.5	21	36	1/28/2014 12:24:55 PM
-0.4414	-0.1055	0.3047	-8.5048	27.9765	-38.4956	10	-0.9336	-0.2031	0.5977	3.5	21	37	1/28/2014 12:24:55 PM
-0.418	0.0156	0.3828	-15.8906	-12.5335	-35.1384	10	-0.9102	-0.0898	0.6797	3.5	21	38	1/28/2014 12:24:55 PM
-0.1758	-0.0273	0.3789	-18.5764	-80.1246	-25.0669	10	-0.6523	-0.1289	0.6992	3.5	21	39	1/28/2014 12:24:55 PM
-0.125	-0.0703	0.375	-18.3526	-188.6732	12.3096	10	-0.5781	-0.1719	0.7266	3.5	21	0	1/28/2014 12:24:55 PM
-0.1055	-0.1094	0.4141	-27.305	-274.1693	34.467	10	-0.4844	-0.207	0.8477	3.5	21	1	1/28/2014 12:24:55 PM
-0.0664	-0.0781	0.4492	-22.3812	-304.8315	45.4338	10	-0.3906	-0.1719	0.9258	3.5	21	2	1/28/2014 12:24:55 PM
0.0508	-0.0977	0.5508	4.7	-352.0557	57.9672	10	-0.1406	-0.1797	1.0977	2.5	24	3	1/28/2014 12:24:55 PM
0.1055	-0.0742	0.5234	14.9954	-357.651	61.1006	10	-0.0039	-0.1484	1.0938	2.5	24	4	1/28/2014 12:24:55 PM
0.0391	-0.0156	0.5352	27.9765	-304.6076	59.7577	10	0.0664	-0.0742	1.1133	2.5	24	5	1/28/2014 12:24:56 PM
0.0234	0.0039	0.5664	37.3765	-218.8878	45.21	10	0.0977	-0.0469	1.1445	2.5	24	6	1/28/2014 12:24:56 PM
0.0039	0.0195	0.5312	42.748	-131.6012	28.6479	10	0.1445	-0.0195	1.0938	2.5	24	7	1/28/2014 12:24:56 PM
0.0352	0.0195	0.4727	39.6147	-88.8532	21.2621	10	0.1953	-0.0156	1.0352	2.5	24	8	1/28/2014 12:24:56 PM
0.0898	0.0703	0.5039	30.6622	-16.3382	13.4287	10	0.2461	0.0508	1.0664	2.5	24	9	1/28/2014 12:24:56 PM
0.0742	0.0195	0.6602	31.5574	2.9096	13.4287	10	0.2227	0.0078	1.2227	2.5	24	10	1/28/2014 12:24:56 PM
0.0938	0.0156	0.6523	17.0097	40.0623	-8.9525	10	0.2305	0.0039	1.2148	2.5	24	11	1/28/2014 12:24:56 PM
-0.3164	-0.0273	0.2695	0.4476	146.149	-40.7337	10	-0.2266	-0.043	0.8398	2.5	24	12	1/28/2014 12:24:56 PM
-0.4297	-0.0781	0.1875	-4.9239	212.6211	-49.0147	10	-0.3867	-0.0938	0.7734	2.5	24	13	1/28/2014 12:24:56 PM
-0.4375	-0.1172	0.1211	-5.8191	318.2602	-68.934	10	-0.5273	-0.1406	0.6992	2.5	24	14	1/28/2014 12:24:56 PM
-0.4492	-0.1328	-0.0234	-9.8477	322.0649	-80.1246	10	-0.6055	-0.1562	0.5391	2.5	24	15	1/28/2014 12:24:56 PM
-0.6875	-0.1562	-0.1094	-11.1906	312.8887	-83.7056	10	-0.9727	-0.1914	0.3984	2.5	24	16	1/28/2014 12:24:56 PM
-0.8203	-0.1562	-0.1016	-10.743	305.2791	-83.4817	10	-1.1641	-0.2031	0.3711	2.5	24	17	1/28/2014 12:24:56 PM
-0.5938	-0.1484	0.0391	-15.2192	252.6833	-70.2769	10	-1.0234	-0.2188	0.4297	2.5	24	18	1/28/2014 12:24:56 PM
-0.4688	-0.1367	0.125	-15.8906	202.3257	-63.1149	10	-0.9297	-0.2148	0.4805	2.5	24	19	1/28/2014 12:24:56 PM
-0.3828	-0.1328	0.2969	-17.9049	16.3382	-29.3193	10	-0.8477	-0.2266	0.6328	2.5	24	20	1/28/2014 12:24:56 PM
-0.4141	-0.0742	0.4102	-21.2621	-28.6479	-26.6336	10	-0.8789	-0.1758	0.75	2.5	24	21	1/28/2014 12:24:56 PM
-0.3125	-0.0352	0.4727	-15.2192	-117.2773	-4.9239	10	-0.75	-0.1367	0.8398	2.5	24	22	1/28/2014 12:24:56 PM
-0.2617	-0.0508	0.3984	-10.743	-153.5348	9.1763	10	-0.6797	-0.1562	0.7891	2.5	24	23	1/28/2014 12:24:56 PM
-0.1484	-0.1328	0.3711	-16.5621	-207.2496	23.2764	10	-0.5039	-0.2461	0.8242	2.5	24	24	1/28/2014 12:24:56 PM
-0.1797	-0.1016	0.3945	-13.2049	-251.3405	33.3479	10	-0.4883	-0.2148	0.8789	2.5	24	25	1/28/2014 12:24:56 PM
0.0859	-0.1055	0.543	-2.0143	-288.0456	37.3765	10	-0.1133	-0.207	1.082	2.5	24	26	1/28/2014 12:24:56 PM
0.0781	-0.0859	0.5273	5.3715	-301.4743	42.5242	10	-0.0547	-0.1836	1.0898	2.5	24	27	1/28/2014 12:24:56 PM
0.0586	-0.0273	0.4961	19.9192	-259.6215	48.1195	10	0.0547	-0.1133	1.0742	2.5	24	28	1/28/2014 12:24:56 PM
0.1055	-0.0352	0.4922	26.4098	-222.4688	40.5099	10	0.1484	-0.1133	1.0703	2.5	24	29	1/28/2014 12:24:56 PM
0.0273	-0.0352	0.5391	31.3336	-101.8343	18.8002	10	0.1328	-0.1094	1.1133	2.5	24	30	1/28/2014 12:24:56 PM
0.0938	-0.0195	0.5469	28.6479	-55.7291	12.0858	10	0.207	-0.0859	1.1133	2.5	24	31	1/28/2014 12:24:56 PM
0.1445	-0.0273	0.4961	26.6336	25.9622	4.9239	10	0.2617	-0.0781	1.0625	2.5	24	32	1/28/2014 12:24:56 PM
-0.0469	-0.0547	0.4375	23.2764	68.4864	3.3572	10	0.0547	-0.1016	1.0039	2.5	24	33	1/28/2014 12:24:56 PM
-0.3047	-0.0508	0.082	15.443	234.5546	-23.9478	10	-0.2891	-0.1016	0.6641	2.5	24	34	1/28/2014 12:24:56 PM
-0.3359	-0.1211	-0.0195	16.5621	291.8504	-38.9432	10	-0.3828	-0.1719	0.5625	2.5	24	35	1/28/2014 12:24:56 PM
-0.6367	-0.2305	-0.2148	8.7287	372.1988	-69.3816	10	-0.8281	-0.2812	0.3359	2.5	24	36	1/28/2014 12:24:56 PM
-0.9688	-0.25	-0.3477	1.1191	389.8799	-79.0055	10	-1.2422	-0.3086	0.168	2.5	24	37	1/28/2014 12:24:56 PM
-0.9492	-0.1953	-0.1758	-13.6525	420.9897	-85.9437	10	-1.3828	-0.2656	0.2109	2.5	24	38	1/28/2014 12:24:56 PM
-0.625	-0.1719	-0.0078	-7.162	331.465	-76.9912	10	-1.1016	-0.25	0.3203	2.5	24	39	1/28/2014 12:24:57 PM
-0.3867	-0.1328	0.2383	-4.4762	112.1296	-43.4195	10	-0.9102	-0.2227	0.4844	2.5	24	0	1/28/2014 12:24:57 PM
-0.2969	-0.0312	0.2969	-15.8906	-55.7291	-34.6908	10	-0.8125	-0.1367	0.5508	2.5	24	1	1/28/2014 12:24:57 PM
-0.1797	-0.0664	0.3047	-12.3096	-96.239	-24.6193	10	-0.6836	-0.1797	0.5742	2.5	24	2	1/28/2014 12:24:57 PM
-0.1875	-0.1367	0.4062	-12.3096	-188.897	12.0858	10	-0.6562	-0.2539	0.7383	2	26	3	1/28/2014 12:24:57 PM
-0.1992	-0.1289	0.4102	-22.605	-245.7452	30.886	10	-0.6289	-0.2422	0.7891	2	26	4	1/28/2014 12:24:57 PM
-0.1289	-0.1445	0.4805	-13.8763	-270.3645	36.0337	10	-0.4727	-0.25	0.9375	2	26	5	1/28/2014 12:24:57 PM
-0.125	-0.1406	0.5273	-6.9382	-281.7789	40.7337	10	-0.4141	-0.2422	1.0195	2	26	6	1/28/2014 12:24:57 PM
-0.0898	-0.1094	0.5586	11.862	-297.6695	50.1338	10	-0.2578	-0.1992	1.1055	2	26	7	1/28/2014 12:24:57 PM
0.0312	-0.0703	0.5547	18.5764	-292.298	51.0291	10	-0.0781	-0.1484	1.1211	2	26	8	1/28/2014 12:24:57 PM
0.1445	-0.0312	0.3633	32.2289	-249.9976	50.5814	10	0.1523	-0.0938	0.9414	2	26	9	1/28/2014 12:24:57 PM
0.0703	-0.0156	0.418	40.2861	-180.3922	44.5385	10	0.1172	-0.0742	0.9961	2	26	10	1/28/2014 12:24:57 PM
0.0586	-0.0273	0.6172	41.629	-86.6151	33.3479	10	0.1602	-0.0742	1.1875	2	26	11	1/28/2014 12:24:57 PM
0.1523	-0.0742	0.5078	40.9575	-51.0291	29.7669	10	0.2656	-0.1172	1.0742	2	26	12	1/28/2014 12:24:57 PM
-0.0312	0.0586	0.4492	24.3955	77.4388	-1.3429	10	0.0664	0.0234	1.0234	2	26	13	1/28/2014 12:24:57 PM
-0.3281	-0.0508	0.3359	23.5002	134.287	-8.5048	10	-0.2578	-0.0859	0.9102	2	26	14	1/28/2014 12:24:57 PM
-0.2266	-0.1562	0.0469	21.0383	259.8453	-45.6576	10	-0.2578	-0.1836	0.6289	2	26	15	1/28/2014 12:24:57 PM
-0.2891	-0.1602	-0.0898	10.743	298.3409	-62.8911	10	-0.3867	-0.1875	0.4883	2	26	16	1/28/2014 12:24:57 PM
-0.8398	-0.1992	-0.2617	2.4619	366.6035	-69.3816	10	-1.0898	-0.2344	0.2656	2	26	17	1/28/2014 12:24:57 PM
-0.9258	-0.1914	-0.2734	1.7905	389.2084	-86.6151	10	-1.2539	-0.2422	0.207	2	26	18	1/28/2014 12:24:57 PM
-0.8398	-0.1797	-0.0508	-12.5335	355.6367	-89.077	10	-1.3164	-0.2461	0.2852	2	26	19	1/28/2014 12:24:57 PM
-0.6836	-0.1719	0.1133	-17.0097	310.6506	-77.4388	10	-1.1875	-0.2617	0.3867	2	26	20	1/28/2014 12:24:57 PM
-0.543	-0.1445	0.2305	-16.5621	105.6391	-45.6576	10	-1.0781	-0.2539	0.4258	2	26	21	1/28/2014 12:24:57 PM
-0.457	-0.0469	0.2266	-20.3669	47.2243	-36.7051	10	-0.9961	-0.1719	0.418	2	26	22	1/28/2014 12:24:57 PM
-0.2656	-0.0391	0.2852	-32.2289	-55.2815	-21.0383	10	-0.793	-0.1719	0.4883	2	26	23	1/28/2014 12:24:57 PM
-0.1992	-0.0586	0.293	-27.5288	-182.4065	12.9811	10	-0.7148	-0.1914	0.5352	2	26	24	1/28/2014 12:24:57 PM
-0.0781	-0.125	0.4492	-35.3622	-277.5264	37.3765	10	-0.5391	-0.25	0.7891	2	26	25	1/28/2014 12:24:57 PM
-0.1445	-0.125	0.4727	-36.7051	-310.8744	46.7766	10	-0.5547	-0.25	0.8711	2	26	26	1/28/2014 12:24:57 PM
-0.1172	-0.1367	0.4883	-19.4716	-329.0031	53.9386	10	-0.4102	-0.25	0.9727	2	26	27	1/28/2014 12:24:57 PM
-0.0195	-0.1328	0.6133	-10.9668	-327.6602	53.491	10	-0.25	-0.2422	1.1328	2	26	28	1/28/2014 12:24:57 PM
0.0938	-0.0742	0.5781	11.862	-317.1411	49.4624	10	-0.0039	-0.1758	1.1406	2	26	29	1/28/2014 12:24:57 PM
0.082	-0.043	0.5625	19.2478	-290.5075	46.1052	10	0.0469	-0.1367	1.1328	2	26	30	1/28/2014 12:24:57 PM
0.0977	-0.0273	0.3789	29.9908	-217.7687	39.3908	10	0.1641	-0.1055	0.9492	2	26	31	1/28/2014 12:24:57 PM
0.1562	0	0.3945	32.9003	-108.7725	18.5764	10	0.25	-0.0742	0.9609	2	26	32	1/28/2014 12:24:58 PM
0.1992	-0.0352	0.5156	40.2861	-14.7716	21.2621	10	0.3125	-0.0938	1.082	2	26	33	1/28/2014 12:24:58 PM
-0.2148	-0.0234	0.3555	36.0337	70.2769	-0.4476	10	-0.1172	-0.0625	0.9258	2	26	34	1/28/2014 12:24:58 PM
-0.2969	-0.0078	0.2578	33.7956	197.4019	-20.5907	10	-0.2461	-0.0469	0.8359	2	26	35	1/28/2014 12:24:58 PM
-0.2656	-0.207	0.0508	38.4956	283.1217	-44.7623	10	-0.332	-0.2344	0.6289	2	26	36	1/28/2014 12:24:58 PM
-0.2383	-0.25	-0.1016	31.7813	304.8315	-57.9672	10	-0.3711	-0.2734	0.4688	2	26	37	1/28/2014 12:24:58 PM
-0.7148	-0.2188	-0.3984	-7.162	354.9653	-92.2104	10	-0.9805	-0.2695	0.1172	2	26	38	1/28/2014 12:24:58 PM
-1.3398	-0.2734	-0.4805	-13.8763	387.1941	-100.4914	10	-1.6953	-0.3398	-0.0234	2	26	39	1/28/2014 12:24:58 PM
-0.8164	-0.2148	0.0742	-19.024	377.3464	-96.239	10	-1.293	-0.332	0.4023	2	26	0	1/28/2014 12:24:58 PM
-0.5312	-0.0664	0.3281	-17.6811	291.1789	-78.5579	10	-1.0312	-0.207	0.5977	2	26	1	1/28/2014 12:24:58 PM
-0.4297	0.0938	0.3047	-11.1906	87.5104	-26.4098	10	-0.9453	-0.0586	0.5391	2	26	2	1/28/2014 12:24:58 PM
-0.4922	0	0.2461	-11.6382	-2.0143	-7.8334	10	-1.0039	-0.1406	0.4922	2	28	3	1/28/2014 12:24:58 PM
-0.5273	-0.1211	0.168	-13.8763	-29.0955	3.1334	10	-1.0352	-0.25	0.4258	2	28	4	1/28/2014 12:24:58 PM
-0.6055	-0.1094	0.1875	-13.6525	-50.5814	6.4905	10	-1.1094	-0.2383	0.4492	2	28	5	1/28/2014 12:24:58 PM
-0.4648	-0.1484	0.2031	-2.6857	-128.9155	40.9575	10	-0.9492	-0.2734	0.5117	2	28	6	1/28/2014 12:24:58 PM
-0.4023	-0.1445	0.2461	-1.3429	-160.0253	49.4624	10	-0.8672	-0.2617	0.5781	2	28	7	1/28/2014 12:24:58 PM
-0.1719	-0.1016	0.293	-0.6714	-217.3211	66.4721	10	-0.5859	-0.2031	0.6953	2	28	8	1/28/2014 12:24:58 PM
0.0195	-0.0039	0.2383	5.5953	-259.6215	68.7102	10	-0.3516	-0.0938	0.6797	2	28	9	1/28/2014 12:24:58 PM
0.3281	-0.0273	0.3711	23.0526	-271.0359	87.2865	10	0.0664	-0.0781	0.8906	2	28	10	1/28/2014 12:24:58 PM
0.3398	-0.0938	0.4219	27.0812	-272.8264	108.3248	10	0.1328	-0.1289	0.9688	2	28	11	1/28/2014 12:24:58 PM
0.0664	-0.0469	0.4648	-19.6954	-264.7692	106.982	10	-0.0234	-0.0703	1.0391	2	28	12	1/28/2014 12:24:58 PM
0.25	-0.1211	0.3711	-25.7383	-230.7498	104.9677	10	0.2148	-0.1445	0.9531	2	28	13	1/28/2014 12:24:58 PM
-0.0312	-0.1094	0.4375	-24.8431	-178.1541	103.6248	10	0.0117	-0.1445	1.0156	2	28	14	1/28/2014 12:24:58 PM
-0.2109	-0.0312	0.4453	-32.6765	-166.9635	107.2058	10	-0.1289	-0.0781	1.0156	2	28	15	1/28/2014 12:24:58 PM
0.1289	0.0977	0.375	-6.7143	-141.8966	111.682	10	0.2695	0.0352	0.9375	2	28	16	1/28/2014 12:24:58 PM
-0.0234	0.1406	0.6523	17.0097	-169.4254	123.0964	10	0.1523	0.0781	1.2031	2	28	17	1/28/2014 12:24:58 PM
-0.0508	0.2578	0.8242	10.5191	-173.9016	125.7821	10	0.1836	0.1875	1.3516	2	28	18	1/28/2014 12:24:58 PM
-0.1875	0.0977	0.6562	21.9335	-151.9681	106.0867	10	0.0742	0.0234	1.168	2	28	19	1/28/2014 12:24:58 PM
-0.4805	0.0742	0.5742	1.3429	-57.072	48.5671	10	-0.2188	0.0078	1.0859	2	28	20	1/28/2014 12:24:58 PM
-0.1172	0	0.7617	-8.5048	-1.5667	38.9432	10	0.1016	-0.0586	1.2969	2	28	21	1/28/2014 12:24:58 PM
-0.1484	-0.0859	0.5312	-14.9954	42.3004	10.0715	10	0.0078	-0.1367	1.0859	2	28	22	1/28/2014 12:24:58 PM
-0.2461	-0.0234	0.4414	-46.7766	6.9382	-25.7383	10	-0.1094	-0.0859	1.0039	2	28	23	1/28/2014 12:24:58 PM
-0.0391	0.0234	0.7188	-43.6433	62.8911	-35.3622	10	0.0703	-0.0508	1.2812	2	28	24	1/28/2014 12:24:58 PM
-0.0781	0.0078	0.6641	-37.3765	58.4148	-48.1195	10	0.0195	-0.0664	1.2305	2	28	25	1/28/2014 12:24:59 PM
-0.0781	0.0195	0.4883	-38.048	34.467	-71.3959	10	0.0156	-0.0664	1.0586	2	28	26	1/28/2014 12:24:59 PM
-0.1719	0.0781	0.5625	-18.1287	89.9723	-91.3151	10	-0.1172	0	1.1367	2	28	27	1/28/2014 12:24:59 PM
-0.0156	0.0469	0.6523	-3.1334	118.844	-104.9677	10	0.0156	-0.0352	1.2305	2	28	28	1/28/2014 12:24:59 PM
-0.0703	-0.0352	0.2773	-7.6096	94.2247	-110.5629	10	-0.0703	-0.125	0.8555	2	28	29	1/28/2014 12:24:59 PM
-0.2773	-0.0352	0.2344	-6.9382	109.2201	-113.2487	10	-0.293	-0.125	0.8125	2	28	30	1/28/2014 12:24:59 PM
-0.1328	0.0273	0.4961	6.4905	132.9441	-139.8823	10	-0.1914	-0.0625	1.0703	2	28	31	1/28/2014 12:24:59 PM
-0.0625	0.0078	0.418	12.5335	116.6059	-145.7014	10	-0.1406	-0.0898	0.9883	2	28	32	1/28/2014 12:24:59 PM
0.0039	0.0625	0.4883	13.4287	53.491	-134.9584	10	-0.0938	-0.0352	1.0508	2	28	33	1/28/2014 12:24:59 PM
0.0781	0.0703	0.5312	19.9192	54.61	-135.1822	10	-0.0195	-0.0273	1.0977	2	28	34	1/28/2014 12:24:59 PM
0.4023	0.0547	0.6211	25.9622	22.3812	-126.9012	10	0.3164	-0.043	1.1875	2	28	35	1/28/2014 12:24:59 PM
0.3594	0.0547	0.5938	24.6193	-0.8952	-117.7249	10	0.2852	-0.0352	1.1641	2	28	36	1/28/2014 12:24:59 PM
0.4688	-0.0352	0.5859	16.3382	-6.7143	-72.7388	10	0.4141	-0.1172	1.1602	2	28	37	1/28/2014 12:24:59 PM
0.3906	-0.0156	0.6016	13.8763	5.1477	-53.7148	10	0.3438	-0.0938	1.1758	2	28	38	1/28/2014 12:24:59 PM
0.207	-0.0234	0.5508	-5.5953	0.4476	5.5953	10	0.2031	-0.0742	1.1289	2	28	39	1/28/2014 12:24:59 PM
0.125	-0.0156	0.5469	-9.4001	-2.0143	24.1717	10	0.1289	-0.0625	1.125	2	28	0	1/28/2014 12:24:59 PM
0.0273	-0.0078	0.5195	-15.2192	-25.9622	59.9815	10	0.043	-0.0586	1.1055	2	28	1	1/28/2014 12:24:59 PM
-0.0508	0.0078	0.5	-13.6525	-25.0669	84.6008	10	-0.0352	-0.0469	1.082	2	28	2	1/28/2014 12:24:59 PM
-0.0703	0.0195	0.4219	-11.6382	-13.4287	106.5343	10	-0.0547	-0.0469	1.0039	2.5	30	3	1/28/2014 12:24:59 PM
-0.0469	0.0469	0.375	-9.6239	-16.5621	116.3821	10	-0.0312	-0.0234	0.957	2.5	30	4	1/28/2014 12:24:59 PM
-0.0508	0.0664	0.2852	-1.7905	-31.7813	135.1822	10	-0.0352	0	0.8633	2.5	30	5	1/28/2014 12:24:59 PM
-0.2266	0.0547	0.4609	6.9382	-37.1527	138.5394	10	-0.207	-0.0117	1.043	2.5	30	6	1/28/2014 12:24:59 PM
-0.1836	0.0391	0.4023	0.4476	-19.2478	125.5583	10	-0.168	-0.0195	0.9805	2.5	30	7	1/28/2014 12:24:59 PM
-0.1406	0.043	0.3906	3.3572	-10.743	123.9916	10	-0.125	-0.0156	0.9766	2.5	30	8	1/28/2014 12:24:59 PM
-0.4766	0.1523	0.4414	6.7143	-10.5191	126.6774	10	-0.4688	0.0977	1.0273	2.5	30	9	1/28/2014 12:24:59 PM
-0.4297	0.1133	0.4336	4.4762	-13.4287	125.5583	10	-0.4258	0.0586	1.0195	2.5	30	10	1/28/2014 12:24:59 PM
-0.5234	0.0469	0.4727	15.6668	-12.5335	103.401	10	-0.5352	-0.0039	1.0508	2.5	30	11	1/28/2014 12:24:59 PM
-0.4883	0.0859	0.4609	6.7143	-22.8288	94.0009	10	-0.5117	0.0391	1.0391	2.5	30	12	1/28/2014 12:24:59 PM
-0.4297	0.0234	0.4688	14.7716	-31.7813	54.1624	10	-0.4883	-0.0117	1.0469	2.5	30	13	1/28/2014 12:24:59 PM
-0.3633	0	0.5	15.8906	-32.0051	40.5099	10	-0.4414	-0.0312	1.0742	2.5	30	14	1/28/2014 12:24:59 PM
-0.2266	0	0.5	9.1763	-6.4905	-5.1477	10	-0.332	-0.0195	1.0742	2.5	30	15	1/28/2014 12:24:59 PM
-0.1914	0.0195	0.5078	7.3858	12.9811	-46.5528	10	-0.3047	0	1.0742	2.5	30	16	1/28/2014 12:24:59 PM
0.0156	0.0859	0.582	9.1763	12.5335	-68.934	10	-0.0977	0.0625	1.1523	2.5	30	17	1/28/2014 12:24:59 PM
-0.1094	0.0547	0.4492	7.162	11.6382	-85.7199	10	-0.2188	0.0312	1.0156	2.5	30	18	1/28/2014 12:24:59 PM
-0.1172	0.0703	0.4492	3.1334	12.7573	-86.1675	10	-0.2266	0.043	1.0156	2.5	30	19	1/28/2014 12:25:00 PM
-0.0195	0.0586	0.4688	-0.2238	19.9192	-99.1486	10	-0.1289	0.0234	1.0352	2.5	30	20	1/28/2014 12:25:00 PM
-0.0742	0.0547	0.4102	-0.4476	28.4241	-102.7295	10	-0.1836	0.0195	0.9805	2.5	30	21	1/28/2014 12:25:00 PM
0.0781	0.0547	0.4844	2.2381	23.2764	-100.7152	10	-0.0273	0.0156	1.0586	2.5	30	22	1/28/2014 12:25:00 PM
0.1055	0.0742	0.4805	4.9239	14.7716	-102.9534	10	0.0039	0.0312	1.0547	2.5	30	23	1/28/2014 12:25:00 PM
0.0078	0.0078	0.3594	8.0572	-6.7143	-96.9104	10	-0.082	-0.0312	0.9336	2.5	30	24	1/28/2014 12:25:00 PM
0.1289	0.0391	0.4766	6.9382	-14.7716	-87.958	10	0.0508	0	1.0508	2.5	30	25	1/28/2014 12:25:00 PM
0.1562	0.082	0.5117	9.6239	3.1334	-91.0913	10	0.0859	0.0469	1.0859	2.5	30	26	1/28/2014 12:25:00 PM
0.125	0.0352	0.4453	18.1287	9.8477	-83.7056	10	0.0586	0	1.0234	2.5	30	27	1/28/2014 12:25:00 PM
0.3008	0.0312	0.582	19.4716	10.2953	-71.8435	10	0.2383	-0.0078	1.1641	2.5	30	28	1/28/2014 12:25:00 PM
0.2852	0.0117	0.5898	17.4573	13.8763	-72.2912	10	0.2266	-0.0234	1.168	2.5	30	29	1/28/2014 12:25:00 PM
0.25	0.0078	0.5352	10.5191	11.4144	-41.629	10	0.1914	-0.0273	1.1172	2.5	30	30	1/28/2014 12:25:00 PM
0.2188	0.0469	0.5547	6.2667	8.7287	-27.9765	10	0.1602	0.0117	1.1367	2.5	30	31	1/28/2014 12:25:00 PM
0.1367	0.0469	0.5352	-1.5667	-3.581	16.3382	10	0.0781	0.0117	1.1172	2.5	30	32	1/28/2014 12:25:00 PM
0.1172	0.0469	0.5391	-4.9239	-6.0429	28.6479	10	0.0586	0.0117	1.1211	2.5	30	33	1/28/2014 12:25:00 PM
-0.0039	0.0469	0.4414	-8.7287	-5.5953	52.1481	10	-0.0625	0.0117	1.0195	2.5	30	34	1/28/2014 12:25:00 PM
0.043	0.0078	0.4414	-8.5048	-8.5048	70.053	10	-0.0195	-0.0273	1.0195	2.5	30	35	1/28/2014 12:25:00 PM
-0.1328	0.0625	0.4219	-16.5621	-6.0429	74.5293	10	-0.1953	0.0312	0.9961	2.5	30	36	1/28/2014 12:25:00 PM
-0.1094	0.0391	0.3477	-19.4716	-3.581	76.9912	10	-0.1719	0.0039	0.9258	2.5	30	37	1/28/2014 12:25:00 PM
0.0625	-0.0195	0.4102	-8.9525	8.5048	82.1389	10	0	-0.0547	0.9922	2.5	30	38	1/28/2014 12:25:00 PM
-0.0469	0.0664	0.3945	-11.862	0.8952	84.1532	10	-0.1094	0.0312	0.9766	2.5	30	39	1/28/2014 12:25:00 PM
-0.1602	0.0273	0.418	-13.4287	-6.2667	89.9723	10	-0.2227	-0.0078	1	2.5	30	0	1/28/2014 12:25:00 PM
-0.2891	0.0977	0.4336	-0.4476	19.6954	86.6151	10	-0.3594	0.0664	1.0117	2.5	30	1	1/28/2014 12:25:00 PM
-0.207	0.0039	0.4609	5.5953	53.0434	82.5865	10	-0.2969	-0.0195	1.0391	2.5	30	2	1/28/2014 12:25:00 PM
-0.2109	0	0.4922	13.8763	38.9432	85.7199	10	-0.3047	-0.0195	1.0703	2	32	3	1/28/2014 12:25:00 PM
-0.3984	0.1094	0.5195	0.4476	3.1334	81.6912	10	-0.4922	0.0977	1.0977	2	32	4	1/28/2014 12:25:00 PM
-0.4258	0.0508	0.4453	3.3572	7.6096	79.0055	10	-0.5234	0.0391	1.0234	2	32	5	1/28/2014 12:25:00 PM
-0.543	0.0508	0.4023	7.3858	13.6525	52.5957	10	-0.6484	0.0391	0.9805	2	32	6	1/28/2014 12:25:00 PM
-0.5703	0.0391	0.3867	2.6857	12.9811	43.8671	10	-0.6719	0.0312	0.9609	2	32	7	1/28/2014 12:25:00 PM
-0.4062	0.0156	0.375	3.581	8.7287	20.5907	10	-0.5078	0.0078	0.9492	2	32	8	1/28/2014 12:25:00 PM
-0.4062	0.0195	0.3711	3.8048	-0.8952	-6.7143	10	-0.5078	0.0117	0.9453	2	32	9	1/28/2014 12:25:00 PM
-0.1602	0.0977	0.5	10.2953	-12.9811	-37.8242	10	-0.2969	0.0898	1.0664	2	32	10	1/28/2014 12:25:00 PM
-0.1367	0.1211	0.4492	19.2478	-17.2335	-61.3244	10	-0.2695	0.1094	1.0156	2	32	11	1/28/2014 12:25:00 PM
-0.1484	0.125	0.4922	27.0812	-21.7097	-74.3055	10	-0.2773	0.1133	1.0586	2	32	12	1/28/2014 12:25:01 PM
-0.082	0.1758	0.5156	25.0669	-13.2049	-87.2865	10	-0.1992	0.1602	1.082	2	32	13	1/28/2014 12:25:01 PM
-0.1133	0.1445	0.4609	25.5145	-5.5953	-91.0913	10	-0.2305	0.125	1.0273	2	32	14	1/28/2014 12:25:01 PM
-0.1328	0.1367	0.5117	19.9192	-0.4476	-91.539	10	-0.25	0.1133	1.082	2	32	15	1/28/2014 12:25:01 PM
0.0664	0.1602	0.5312	16.7859	1.5667	-95.1199	10	-0.0508	0.1367	1.1016	2	32	16	1/28/2014 12:25:01 PM
-0.0352	0.1016	0.4141	14.9954	-5.5953	-94.4485	10	-0.1523	0.0742	0.9883	2	32	17	1/28/2014 12:25:01 PM
-0.0195	0.1016	0.4492	10.9668	-8.9525	-90.4199	10	-0.1328	0.0781	1.0234	2	32	18	1/28/2014 12:25:01 PM
0.1289	0.1133	0.4727	11.4144	-1.1191	-93.5533	10	0.0234	0.0898	1.0469	2	32	19	1/28/2014 12:25:01 PM
0.0781	0.0742	0.4492	10.2953	-2.0143	-80.1246	10	-0.0273	0.0508	1.0234	2	32	20	1/28/2014 12:25:01 PM
0.2539	0.125	0.5977	9.8477	6.0429	-68.2625	10	0.1484	0.1055	1.1719	2	32	21	1/28/2014 12:25:01 PM
0.2773	0.1016	0.5586	9.6239	10.743	-65.1292	10	0.1719	0.082	1.1367	2	32	22	1/28/2014 12:25:01 PM
0.2578	0.0742	0.5508	6.0429	-0.6714	-32.6765	10	0.1602	0.0547	1.125	2	32	23	1/28/2014 12:25:01 PM
0.168	0.0977	0.5547	1.3429	-2.4619	-21.4859	10	0.0703	0.0742	1.1328	2	32	24	1/28/2014 12:25:01 PM
0.0703	0.1055	0.4961	-8.281	-4.2524	6.9382	10	-0.0273	0.082	1.0742	2	32	25	1/28/2014 12:25:01 PM
0.0469	0.1016	0.4336	-11.862	-4.0286	34.6908	10	-0.0508	0.082	1.0078	2	32	26	1/28/2014 12:25:01 PM
0.0234	0.0703	0.4453	-17.2335	-6.2667	57.9672	10	-0.0742	0.0508	1.0156	2	32	27	1/28/2014 12:25:01 PM
-0.0469	0.0781	0.4531	-18.3526	-0.4476	63.5625	10	-0.1484	0.0586	1.0273	2	32	28	1/28/2014 12:25:01 PM
-0.1562	0.1367	0.4336	-18.3526	17.2335	72.9626	10	-0.2578	0.1172	1.0078	2	32	29	1/28/2014 12:25:01 PM
0.0547	0.0859	0.4492	-14.7716	27.0812	73.4102	10	-0.0508	0.0664	1.0195	2	32	30	1/28/2014 12:25:01 PM
-0.0039	0.0664	0.5312	-13.6525	-11.1906	88.8532	10	-0.1094	0.0508	1.1016	2	32	31	1/28/2014 12:25:01 PM
-0.125	0.0977	0.543	-19.024	-21.9335	93.1056	10	-0.2266	0.0859	1.1172	2	32	32	1/28/2014 12:25:01 PM
-0.0938	0.1133	0.4453	-14.5478	-1.5667	94.4485	10	-0.1953	0.1055	1.0156	2	32	33	1/28/2014 12:25:01 PM
-0.1016	0.0898	0.4453	-8.281	11.1906	99.1486	10	-0.2031	0.082	1.0156	2	32	34	1/28/2014 12:25:01 PM
-0.1211	0.0742	0.375	-15.443	-3.8048	100.939	10	-0.2227	0.0703	0.9531	2	32	35	1/28/2014 12:25:01 PM
-0.125	0.0352	0.3555	-19.9192	-8.9525	100.0438	10	-0.2227	0.0352	0.9297	2	32	36	1/28/2014 12:25:01 PM
-0.4023	0.1055	0.3164	-13.2049	25.0669	86.3913	10	-0.5039	0.1055	0.8906	2	32	37	1/28/2014 12:25:01 PM
-0.2188	0.1055	0.293	-10.9668	43.6433	82.5865	10	-0.3281	0.1055	0.8711	2	32	38	1/28/2014 12:25:01 PM
-0.2188	0.0391	0.3398	12.5335	59.0863	75.8721	10	-0.3516	0.0469	0.9102	2	32	39	1/28/2014 12:25:01 PM
-0.25	0.0352	0.3633	9.4001	22.1574	67.8149	10	-0.3828	0.043	0.9336	2	32	0	1/28/2014 12:25:01 PM
-0.293	0.1211	0.5117	16.3382	8.281	58.6386	10	-0.4258	0.1289	1.082	2	32	1	1/28/2014 12:25:01 PM
-0.4023	0.1367	0.4609	35.8099	54.61	47.4481	10	-0.5391	0.1523	1.0273	2	32	2	1/28/2014 12:25:01 PM
-0.418	0.1484	0.4648	41.4052	71.6197	37.3765	10	-0.5703	0.168	1.0273	2.5	35	3	1/28/2014 12:25:01 PM
-0.332	0.1758	0.4023	37.6004	77.4388	18.3526	10	-0.5234	0.2031	0.9531	2.5	35	4	1/28/2014 12:25:01 PM
-0.3164	0.1797	0.3555	27.305	64.2339	4.2524	10	-0.5156	0.2109	0.9062	2.5	35	5	1/28/2014 12:25:02 PM
-0.2266	0.1914	0.4023	16.5621	49.6862	-3.1334	10	-0.4414	0.2188	0.9414	2.5	35	6	1/28/2014 12:25:02 PM
-0.2188	0.1953	0.4023	14.5478	39.8385	-3.8048	10	-0.4375	0.2227	0.9414	2.5	35	7	1/28/2014 12:25:02 PM
-0.1992	0.1953	0.4102	10.0715	15.6668	-5.1477	10	-0.4219	0.2227	0.9492	2.5	35	8	1/28/2014 12:25:02 PM
-0.207	0.1875	0.4062	10.0715	12.7573	-4.7	10	-0.4297	0.2148	0.9453	2.5	35	9	1/28/2014 12:25:02 PM
-0.1953	0.207	0.4219	10.2953	7.6096	-3.581	10	-0.418	0.2344	0.9609	2.5	35	10	1/28/2014 12:25:02 PM
-0.1914	0.1953	0.4141	10.9668	4.7	-2.4619	10	-0.4141	0.2227	0.9531	2.5	35	11	1/28/2014 12:25:02 PM
-0.2148	0.1797	0.375	9.4001	0.4476	-1.5667	10	-0.4375	0.207	0.9141	2.5	35	12	1/28/2014 12:25:02 PM
-0.2188	0.1992	0.3984	8.281	1.3429	-0.6714	10	-0.4414	0.2266	0.9375	2.5	35	13	1/28/2014 12:25:02 PM
-0.2305	0.1953	0.4023	8.7287	4.0286	0.6714	10	-0.4531	0.2227	0.9414	2.5	35	14	1/28/2014 12:25:02 PM
-0.2266	0.1836	0.3945	8.7287	0.8952	1.5667	10	-0.4492	0.2109	0.9336	2.5	35	15	1/28/2014 12:25:02 PM
-0.2422	0.1914	0.3711	5.3715	-3.581	1.7905	10	-0.4648	0.2188	0.9102	2.5	35	16	1/28/2014 12:25:02 PM
-0.2422	0.1992	0.375	4.4762	-2.9096	0.2238	10	-0.4648	0.2266	0.9141	2.5	35	17	1/28/2014 12:25:02 PM
-0.2148	0.207	0.4102	4.4762	-1.5667	-0.8952	10	-0.4375	0.2344	0.9492	2.5	35	18	1/28/2014 12:25:02 PM
-0.2266	0.1875	0.3906	4.2524	-3.8048	-1.5667	10	-0.4492	0.2266	0.9297	2.5	35	19	1/28/2014 12:25:02 PM
-0.207	0.1875	0.4023	4.0286	-3.581	-2.2381	10	-0.4297	0.2266	0.9414	2.5	35	20	1/28/2014 12:25:02 PM
-0.1914	0.1875	0.4102	4.7	-4.7	-2.2381	10	-0.4141	0.2344	0.9492	2.5	35	21	1/28/2014 12:25:02 PM
-0.1797	0.1875	0.3984	2.9096	-8.5048	0	10	-0.4023	0.2344	0.9375	2.5	35	22	1/28/2014 12:25:02 PM
-0.2109	0.1953	0.3867	2.6857	-8.281	0	10	-0.4336	0.2422	0.9258	2.5	35	23	1/28/2014 12:25:02 PM
-0.1992	0.1758	0.3945	2.0143	-0.2238	-2.0143	10	-0.4219	0.2422	0.9297	2.5	35	24	1/28/2014 12:25:02 PM
-0.1875	0.1523	0.4023	2.4619	0	-2.0143	10	-0.4102	0.2227	0.9375	2.5	35	25	1/28/2014 12:25:02 PM
-0.1719	0.1641	0.3984	1.5667	-4.9239	-1.7905	10	-0.3984	0.2383	0.9336	2.5	35	26	1/28/2014 12:25:02 PM
-0.1836	0.1641	0.4023	1.5667	-6.0429	-1.7905	10	-0.4102	0.2383	0.9375	2.5	35	27	1/28/2014 12:25:02 PM
-0.1836	0.1445	0.418	2.0143	-4.4762	-0.8952	10	-0.4102	0.2227	0.9531	2.5	35	28	1/28/2014 12:25:02 PM
-0.1836	0.1445	0.4258	2.4619	-4.0286	-0.6714	10	-0.4102	0.2227	0.9609	2.5	35	29	1/28/2014 12:25:02 PM
-0.1836	0.1602	0.4062	0.6714	-5.3715	-0.4476	10	-0.4102	0.2422	0.9414	2.5	35	30	1/28/2014 12:25:02 PM
-0.1797	0.1523	0.3984	1.1191	-5.1477	-0.4476	10	-0.4062	0.2383	0.9336	2.5	35	31	1/28/2014 12:25:02 PM
-0.1719	0.1445	0.4062	1.5667	-4.2524	-0.2238	10	-0.4023	0.2344	0.9414	2.5	35	32	1/28/2014 12:25:02 PM
-0.1797	0.1367	0.4102	0.2238	-4.4762	-0.6714	10	-0.4102	0.2266	0.9453	2.5	35	33	1/28/2014 12:25:02 PM
-0.168	0.1445	0.4141	0.2238	-5.3715	-1.1191	10	-0.3984	0.2344	0.9492	2.5	35	34	1/28/2014 12:25:02 PM
-0.1719	0.1406	0.418	0.6714	-6.4905	-2.0143	10	-0.4023	0.2305	0.9531	2.5	35	35	1/28/2014 12:25:02 PM
-0.1602	0.1367	0.4102	0.8952	-6.2667	-2.4619	10	-0.3906	0.2266	0.9453	2.5	35	36	1/28/2014 12:25:02 PM
-0.168	0.1406	0.4062	0.4476	-4.2524	-2.2381	10	-0.3984	0.2305	0.9414	2.5	35	37	1/28/2014 12:25:02 PM
-0.1719	0.1484	0.4102	1.3429	-3.3572	-2.4619	10	-0.4023	0.2383	0.9453	2.5	35	38	1/28/2014 12:25:02 PM
-0.1523	0.1602	0.4141	1.5667	-2.9096	-2.2381	10	-0.3828	0.25	0.9492	2.5	35	39	1/28/2014 12:25:03 PM
-0.1484	0.1562	0.4219	1.5667	-3.8048	-2.0143	10	-0.3789	0.2461	0.957	2.5	35	0	1/28/2014 12:25:03 PM
-0.1602	0.1562	0.418	1.5667	-4.9239	-1.5667	10	-0.3828	0.25	0.9453	2.5	35	1	1/28/2014 12:25:03 PM
-0.1641	0.1445	0.4414	0.8952	-4.0286	-1.7905	10	-0.3867	0.2383	0.9688	2.5	35	2	1/28/2014 12:25:03 PM
-0.1484	0.1367	0.4336	0.4476	-3.8048	-1.5667	10	-0.3711	0.2305	0.9609	0.5	35	3	1/28/2014 12:25:03 PM
-0.1445	0.1289	0.4258	0	-6.2667	-2.0143	10	-0.3672	0.2227	0.9531	0.5	35	4	1/28/2014 12:25:03 PM
-0.1445	0.1211	0.4531	0	-7.3858	-3.3572	10	-0.3672	0.2148	0.9805	0.5	35	5	1/28/2014 12:25:03 PM
-0.1602	0.1172	0.4258	-0.2238	-6.4905	-3.8048	10	-0.3789	0.2109	0.957	0.5	35	6	1/28/2014 12:25:03 PM
-0.1523	0.1328	0.4219	1.3429	-0.4476	-4.4762	10	-0.3711	0.2266	0.9531	0.5	35	7	1/28/2014 12:25:03 PM
-0.1602	0.1523	0.418	1.5667	-0.2238	-3.581	10	-0.3789	0.2461	0.9492	0.5	35	8	1/28/2014 12:25:03 PM
-0.1719	0.1602	0.4375	1.3429	-0.4476	-0.8952	10	-0.3906	0.2539	0.9688	0.5	35	9	1/28/2014 12:25:03 PM
-0.1719	0.1523	0.4023	1.3429	0	-0.4476	10	-0.3906	0.2461	0.9336	0.5	35	10	1/28/2014 12:25:03 PM
-0.1719	0.1406	0.418	0.8952	0.8952	-0.2238	10	-0.3906	0.2344	0.9492	0.5	35	11	1/28/2014 12:25:03 PM
-0.168	0.1367	0.418	-0.2238	1.3429	-0.4476	10	-0.3867	0.2305	0.9492	0.5	35	12	1/28/2014 12:25:03 PM
-0.1484	0.1289	0.4297	0	0.6714	-1.3429	10	-0.3672	0.2227	0.9609	0.5	35	13	1/28/2014 12:25:03 PM
-0.1641	0.1328	0.4336	0	0	-1.5667	10	-0.3828	0.2266	0.9648	0.5	35	14	1/28/2014 12:25:03 PM
-0.1641	0.1406	0.4375	0.2238	-1.1191	-1.3429	10	-0.3828	0.2344	0.9688	0.5	35	15	1/28/2014 12:25:03 PM
-0.1641	0.1445	0.418	0.8952	-0.6714	-1.1191	10	-0.3828	0.2383	0.9492	0.5	35	16	1/28/2014 12:25:03 PM
-0.168	0.1523	0.418	0.2238	0	-0.8952	10	-0.3867	0.2461	0.9492	0.5	35	17	1/28/2014 12:25:03 PM
-0.1484	0.1406	0.4219	-0.2238	-0.2238	-0.2238	10	-0.3672	0.2344	0.9531	0.5	35	18	1/28/2014 12:25:03 PM
-0.1562	0.1406	0.4258	-0.4476	-1.1191	0.2238	10	-0.375	0.2344	0.957	0.5	35	19	1/28/2014 12:25:03 PM
-0.1641	0.1328	0.4375	-0.8952	-1.1191	0.2238	10	-0.3828	0.2266	0.9688	0.5	35	20	1/28/2014 12:25:03 PM
-0.1641	0.1289	0.4219	-0.4476	-0.2238	0.6714	10	-0.3828	0.2227	0.9531	0.5	35	21	1/28/2014 12:25:03 PM
-0.1602	0.1328	0.4258	-0.2238	-0.4476	0.8952	10	-0.3789	0.2266	0.957	0.5	35	22	1/28/2014 12:25:03 PM
-0.1641	0.1445	0.4336	-0.6714	-0.4476	1.1191	10	-0.3828	0.2383	0.9648	0.5	35	23	1/28/2014 12:25:03 PM
-0.1602	0.1367	0.4219	-0.8952	-0.6714	0.8952	10	-0.3789	0.2305	0.9531	0.5	35	24	1/28/2014 12:25:03 PM
-0.1562	0.1406	0.4219	-0.2238	-0.4476	0.8952	10	-0.375	0.2344	0.9531	0.5	35	25	1/28/2014 12:25:03 PM
-0.1641	0.1445	0.4297	0.2238	0.6714	0.2238	10	-0.3828	0.2383	0.9609	0.5	35	26	1/28/2014 12:25:03 PM
-0.1523	0.1406	0.418	0.4476	0.4476	0	10	-0.3711	0.2344	0.9492	0.5	35	27	1/28/2014 12:25:03 PM
-0.1523	0.1328	0.4258	0.4476	-0.4476	0.2238	10	-0.3711	0.2266	0.957	0.5	35	28	1/28/2014 12:25:03 PM
-0.1602	0.1289	0.4297	-0.2238	-0.8952	0	10	-0.3789	0.2227	0.9609	0.5	35	29	1/28/2014 12:25:03 PM
-0.1523	0.1367	0.4336	0.2238	-0.4476	0	10	-0.3711	0.2305	0.9648	0.5	35	30	1/28/2014 12:25:03 PM
-0.1523	0.1445	0.4375	0.2238	-0.4476	0	10	-0.3711	0.2383	0.9688	0.5	35	31	1/28/2014 12:25:03 PM
-0.1641	0.1406	0.4258	0.2238	-0.4476	0.2238	10	-0.3828	0.2344	0.957	0.5	35	32	1/28/2014 12:25:04 PM
-0.1523	0.1445	0.4297	0.2238	-0.2238	0.2238	10	-0.3711	0.2383	0.9609	0.5	35	33	1/28/2014 12:25:04 PM
-0.1602	0.1445	0.4258	0.4476	0	0.2238	10	-0.3789	0.2383	0.957	0.5	35	34	1/28/2014 12:25:04 PM
-0.1641	0.1406	0.4336	0	-0.2238	0	10	-0.3828	0.2344	0.9648	0.5	35	35	1/28/2014 12:25:04 PM
-0.1641	0.1289	0.4219	1.1191	-0.2238	-5.1477	10	-0.3828	0.2227	0.9531	0	35	29	1/28/2014 12:25:12 PM
-0.1992	0.1523	0.4336	3.1334	2.9096	-3.1334	10	-0.418	0.2461	0.9648	0	35	30	1/28/2014 12:25:12 PM
-0.207	0.1602	0.4219	3.3572	2.4619	-1.5667	10	-0.4258	0.2539	0.9531	0	35	31	1/28/2014 12:25:12 PM
-0.1953	0.1836	0.418	2.4619	3.3572	-1.7905	10	-0.4141	0.2773	0.9492	0	35	32	1/28/2014 12:25:12 PM
-0.1836	0.1875	0.4023	1.5667	4.0286	-2.6857	10	-0.4023	0.2812	0.9336	0	35	33	1/28/2014 12:25:12 PM
-0.1641	0.1836	0.4219	-0.2238	1.5667	-4.2524	10	-0.3828	0.2773	0.9531	0	35	34	1/28/2014 12:25:12 PM
-0.1367	0.1602	0.4102	-0.2238	0	-4.7	10	-0.3555	0.2578	0.9414	0	35	35	1/28/2014 12:25:12 PM
-0.1211	0.1328	0.4297	0.2238	-1.5667	-4.2524	10	-0.332	0.2305	0.9609	0	35	36	1/28/2014 12:25:12 PM
-0.1289	0.1094	0.4336	0.4476	-2.0143	-2.4619	10	-0.3359	0.207	0.9688	0	35	37	1/28/2014 12:25:12 PM
-0.1602	0.1133	0.4297	0.2238	-1.5667	-1.7905	10	-0.3672	0.2109	0.9648	0	35	38	1/28/2014 12:25:12 PM
-0.1836	0.1328	0.418	-0.8952	-0.4476	-0.8952	10	-0.3867	0.2344	0.9531	0	35	39	1/28/2014 12:25:12 PM
-0.1875	0.1406	0.418	0.8952	2.0143	0.6714	10	-0.3906	0.2422	0.9531	0	35	0	1/28/2014 12:25:12 PM
-0.207	0.1719	0.4102	0.8952	1.7905	2.0143	10	-0.4102	0.2734	0.9453	0	35	1	1/28/2014 12:25:12 PM
-0.2148	0.1719	0.4141	0.6714	1.5667	2.0143	10	-0.418	0.2734	0.9492	0	35	2	1/28/2014 12:25:12 PM
-0.1758	0.1641	0.418	0.2238	2.0143	0.8952	10	-0.3789	0.2656	0.9531	0	35	3	1/28/2014 12:25:12 PM
-0.1758	0.1367	0.4102	-0.6714	0.4476	0.2238	10	-0.3789	0.2383	0.9453	0	35	4	1/28/2014 12:25:12 PM
-0.1484	0.1133	0.4297	-1.3429	-1.7905	-1.5667	10	-0.3516	0.2148	0.9648	0	35	5	1/28/2014 12:25:12 PM
-0.1484	0.1094	0.4258	-0.8952	-1.5667	-1.5667	10	-0.3516	0.2109	0.9609	0	35	6	1/28/2014 12:25:12 PM
-0.1562	0.1289	0.4258	-0.4476	-1.5667	-0.8952	10	-0.3594	0.2305	0.9609	0	35	7	1/28/2014 12:25:12 PM
-0.1719	0.1289	0.4141	-0.2238	-1.1191	-0.2238	10	-0.375	0.2305	0.9492	0	35	8	1/28/2014 12:25:12 PM
-0.1797	0.1406	0.4102	0.2238	1.3429	1.3429	10	-0.3828	0.2422	0.9453	0	35	9	1/28/2014 12:25:12 PM
-0.1953	0.1406	0.4219	-0.2238	1.5667	1.7905	10	-0.3984	0.2422	0.957	0	35	10	1/28/2014 12:25:12 PM
-0.1797	0.1367	0.4219	0	2.4619	0.6714	10	-0.3828	0.2383	0.957	0	35	11	1/28/2014 12:25:12 PM
-0.1797	0.1328	0.4219	0.4476	2.4619	0.4476	10	-0.3828	0.2344	0.957	0	35	12	1/28/2014 12:25:13 PM
-0.1719	0.1367	0.418	0.2238	0.6714	-0.4476	10	-0.375	0.2383	0.9531	0	35	13	1/28/2014 12:25:13 PM
-0.1602	0.1445	0.4141	0.8952	0.6714	-1.1191	10	-0.3633	0.2461	0.9492	0	35	14	1/28/2014 12:25:13 PM
-0.1758	0.1328	0.418	0.4476	0.6714	-0.6714	10	-0.3789	0.2344	0.9531	0	35	15	1/28/2014 12:25:13 PM
-0.1758	0.1406	0.4219	0	0.2238	-0.8952	10	-0.3789	0.2422	0.957	0	35	16	1/28/2014 12:25:13 PM
-0.1758	0.1367	0.4258	0.4476	2.2381	0	10	-0.3789	0.2383	0.9609	0	35	17	1/28/2014 12:25:13 PM
-0.1758	0.1328	0.4258	0.2238	1.5667	0.2238	10	-0.3789	0.2344	0.9609	0	35	18	1/28/2014 12:25:13 PM
-0.1797	0.1328	0.418	0.2238	-0.2238	0.2238	10	-0.3828	0.2344	0.9531	0	35	19	1/28/2014 12:25:13 PM
-0.1758	0.1289	0.418	0.6714	0.2238	0.2238	10	-0.3789	0.2305	0.9531	0	35	20	1/28/2014 12:25:13 PM
-0.1914	0.1328	0.4219	0.6714	-0.6714	0	10	-0.3945	0.2344	0.957	0	35	21	1/28/2014 12:25:13 PM
-0.1797	0.1289	0.4219	0.4476	-0.6714	0	10	-0.3828	0.2305	0.957	0	35	22	1/28/2014 12:25:13 PM
-0.1914	0.1523	0.418	1.3429	0.2238	-0.2238	10	-0.3945	0.2539	0.9531	0	35	23	1/28/2014 12:25:13 PM
-0.1875	0.1602	0.418	1.1191	0.2238	-0.2238	10	-0.3906	0.2617	0.9531	0	35	24	1/28/2014 12:25:13 PM
-0.1797	0.1562	0.418	0.6714	-0.2238	0.6714	10	-0.3828	0.2578	0.9531	0	35	25	1/28/2014 12:25:13 PM
-0.168	0.168	0.4102	0.2238	-0.4476	0.6714	10	-0.3711	0.2695	0.9453	0	35	26	1/28/2014 12:25:13 PM
-0.1484	0.1445	0.4297	-0.2238	0	0.8952	10	-0.3516	0.2461	0.9648	0	35	27	1/28/2014 12:25:13 PM
-0.1445	0.1328	0.4141	-1.5667	-0.2238	1.7905	10	-0.3477	0.2344	0.9492	0	35	28	1/28/2014 12:25:13 PM
-0.1484	0.1289	0.4219	-1.5667	-0.2238	1.7905	10	-0.3516	0.2305	0.957	0	35	29	1/28/2014 12:25:13 PM
-0.1641	0.1094	0.4219	-1.5667	0.8952	1.7905	10	-0.3672	0.2109	0.957	0	35	30	1/28/2014 12:25:13 PM
-0.1641	0.1094	0.4219	-1.1191	1.3429	1.7905	10	-0.3672	0.2109	0.957	0	35	31	1/28/2014 12:25:13 PM
-0.1953	0.1367	0.4336	0.2238	2.0143	1.7905	10	-0.3984	0.2383	0.9688	0	35	32	1/28/2014 12:25:13 PM
-0.2109	0.1445	0.4258	1.5667	2.6857	1.7905	10	-0.4141	0.2461	0.9609	0	35	33	1/28/2014 12:25:13 PM
-0.207	0.1484	0.3984	1.7905	1.7905	1.3429	10	-0.4102	0.25	0.9336	0	35	34	1/28/2014 12:25:13 PM
-0.2031	0.1562	0.4141	1.1191	1.3429	0.4476	10	-0.4062	0.2578	0.9492	0	35	35	1/28/2014 12:25:13 PM
-0.1953	0.1562	0.4141	0.4476	1.1191	-1.1191	10	-0.3984	0.2578	0.9492	0	35	36	1/28/2014 12:25:13 PM
-0.1758	0.1523	0.4297	0.6714	0.8952	-1.5667	10	-0.3789	0.2539	0.9648	0	35	37	1/28/2014 12:25:13 PM
-0.1641	0.1406	0.4258	0.6714	-0.6714	-1.5667	10	-0.3672	0.2422	0.9609	0	35	38	1/28/2014 12:25:13 PM
-0.1562	0.1367	0.4141	0.4476	-1.3429	-1.7905	10	-0.3594	0.2383	0.9492	0	35	39	1/28/2014 12:25:13 PM
-0.1562	0.1445	0.418	0	-0.6714	-1.5667	10	-0.3594	0.2461	0.9531	0	35	0	1/28/2014 12:25:13 PM
-0.1562	0.1406	0.418	-0.2238	-0.4476	-1.1191	10	-0.3594	0.2422	0.9531	0	35	1	1/28/2014 12:25:13 PM
-0.1602	0.1406	0.4023	-0.8952	0	1.1191	10	-0.3633	0.2422	0.9375	0	35	2	1/28/2014 12:25:13 PM
-0.168	0.1289	0.4141	-1.1191	0.2238	1.3429	10	-0.3711	0.2305	0.9492	0	35	3	1/28/2014 12:25:13 PM
-0.1719	0.125	0.4219	-0.4476	0.6714	2.2381	10	-0.375	0.2266	0.957	0	35	4	1/28/2014 12:25:13 PM
-0.1797	0.1289	0.418	-0.2238	0.8952	1.7905	10	-0.3828	0.2305	0.9531	0	35	5	1/28/2014 12:25:14 PM
-0.1836	0.1328	0.4336	0.6714	1.3429	1.3429	10	-0.3867	0.2344	0.9688	0	35	6	1/28/2014 12:25:14 PM
-0.1797	0.1445	0.4336	0.6714	1.1191	1.3429	10	-0.3828	0.2461	0.9688	0	35	7	1/28/2014 12:25:14 PM
-0.1797	0.1523	0.418	0.6714	0.8952	1.1191	10	-0.3828	0.2539	0.9531	0	35	8	1/28/2014 12:25:14 PM
-0.1875	0.1523	0.4219	0.6714	0.8952	0.6714	10	-0.3906	0.2539	0.957	0	35	9	1/28/2014 12:25:14 PM
-0.1836	0.1406	0.418	0.6714	1.1191	0	10	-0.3867	0.2422	0.9531	0	35	10	1/28/2014 12:25:14 PM
-0.1758	0.1328	0.4258	0.4476	1.1191	-0.2238	10	-0.3789	0.2344	0.9609	0	35	11	1/28/2014 12:25:14 PM
-0.1719	0.1211	0.418	0.4476	0.2238	-0.6714	10	-0.375	0.2227	0.9531	0	35	12	1/28/2014 12:25:14 PM
-0.1719	0.1328	0.4102	-0.2238	-0.2238	-0.8952	10	-0.375	0.2344	0.9453	0	35	13	1/28/2014 12:25:14 PM
-0.1758	0.1523	0.418	0.2238	0.2238	-1.1191	10	-0.3789	0.2539	0.9531	0	35	14	1/28/2014 12:25:14 PM
-0.1836	0.1602	0.4375	0.6714	0.8952	-0.6714	10	-0.3867	0.2617	0.9727	0	35	15	1/28/2014 12:25:14 PM
-0.1875	0.168	0.4141	0.6714	0.8952	0.8952	10	-0.3906	0.2695	0.9492	0	35	16	1/28/2014 12:25:14 PM
-0.1836	0.1484	0.4102	0.2238	0.8952	1.1191	10	-0.3867	0.25	0.9453	0	35	17	1/28/2014 12:25:14 PM
-0.1797	0.1406	0.4102	-0.2238	0.6714	0.2238	10	-0.3828	0.2422	0.9453	0	35	18	1/28/2014 12:25:14 PM
-0.1797	0.1328	0.4141	-0.2238	0.2238	0.2238	10	-0.3828	0.2344	0.9492	0	35	19	1/28/2014 12:25:14 PM
-0.1836	0.1328	0.4023	0.2238	-0.4476	-0.2238	10	-0.3867	0.2344	0.9375	0	35	20	1/28/2014 12:25:14 PM
-0.1758	0.1367	0.418	0.2238	-0.2238	-0.2238	10	-0.3789	0.2383	0.9531	0	35	21	1/28/2014 12:25:14 PM
-0.1875	0.1406	0.418	0	-0.2238	-0.2238	10	-0.3906	0.2422	0.9531	0	35	22	1/28/2014 12:25:14 PM
-0.1836	0.1484	0.4219	0	0	-0.2238	10	-0.3867	0.25	0.957	0	35	23	1/28/2014 12:25:14 PM
-0.1836	0.1523	0.418	0.2238	-0.4476	-0.4476	10	-0.3867	0.2539	0.9531	0	35	24	1/28/2014 12:25:14 PM
-0.1836	0.1484	0.4141	0.4476	-0.6714	0	10	-0.3867	0.25	0.9492	0	35	25	1/28/2014 12:25:14 PM
-0.1758	0.1406	0.4141	0.2238	-1.1191	0	10	-0.3789	0.2422	0.9492	0	35	26	1/28/2014 12:25:14 PM
-0.1758	0.1445	0.4336	-0.2238	-0.6714	-0.2238	10	-0.3789	0.2461	0.9688	0	35	27	1/28/2014 12:25:14 PM
-0.1797	0.1445	0.4336	-0.2238	-0.6714	-0.2238	10	-0.3828	0.2461	0.9688	0	35	28	1/28/2014 12:25:14 PM
-0.1758	0.1406	0.4141	0	-0.8952	0.2238	10	-0.3789	0.2422	0.9492	0	35	29	1/28/2014 12:25:14 PM
-0.1719	0.1328	0.4141	0.2238	-0.6714	0.2238	10	-0.375	0.2344	0.9492	0	35	30	1/28/2014 12:25:14 PM
